01/12/2020 02:00           0           0           0           0           0           0
01/12/2020 03:00           0           0           0           0           0           0
01/12/2020 04:00           0           0           0           0           0           0
01/12/2020 05:00           0           0           0           0           0           0
01/12/2020 06:00           0           0           0           0           0           0
01/12/2020 07:00           0           0           0           0           0           0
01/12/2020 08:00           0           0           0           0           0           0
01/12/2020 09:00           0           0           0           0          96         272
01/12/2020 10:00         408         547         422         367         412         486
01/12/2020 11:00        1000         941        1432        1365         952         694
01/12/2020 12:00         667         655         681         768         926         607
01/12/2020 13:00         326         374         696        1180        1287        1429
01/12/2020 14:00        1029         938         639         563         986        1177
01/12/2020 15:00         793         533         427         719         753         869
01/12/2020 16:00         556         629         479         436         288         439
01/12/2020 17:00         299          62           0           0           0           0
01/12/2020 18:00           0           0           0           0           0           0
01/12/2020 19:00           0           0           0           0           0           0
01/12/2020 20:00           0           0           0           0           0           0
01/12/2020 21:00           0           0           0           0           0           0
01/12/2020 22:00           0           0           0           0           0           0
01/12/2020 23:00           0           0           0           0           0           0
02/12/2020 00:00           0           0           0           0           0           0
02/12/2020 01:00           0           0           0           0           0           0
02/12/2020 02:00           0           0           0           0           0           0
02/12/2020 03:00           0           0           0           0           0           0
02/12/2020 04:00           0           0           0           0           0           0
02/12/2020 05:00           0           0           0           0           0           0
02/12/2020 06:00           0           0           0           0           0           0
02/12/2020 07:00           0           0           0           0           0           0
02/12/2020 08:00           0           0           0           0           0           0
02/12/2020 09:00           0           0           0           0           0           0
02/12/2020 10:00           0           1          65         125         151         111
02/12/2020 11:00         165         146         269         475         575         446
02/12/2020 12:00         427         317         337         473         529         506
02/12/2020 13:00         481         434         436         451         519         570
02/12/2020 14:00         456         453         428         506         540         461
02/12/2020 15:00         433         470         367         300         308         430
02/12/2020 16:00         312         222         281         169          69         102
02/12/2020 17:00          49           9           0           0           0           0
02/12/2020 18:00           0           0           0           0           0           0
02/12/2020 19:00           0           0           0           0           0           0
02/12/2020 20:00           0           0           0           0           0           0
02/12/2020 21:00           0           0           0           0           0           0
02/12/2020 22:00           0           0           0           0           0           0
02/12/2020 23:00           0           0           0           0           0           0
03/12/2020 00:00           0           0           0           0           0           0
03/12/2020 01:00           0           0           0           0           0           0
03/12/2020 02:00           0           0           0           0           0           0
03/12/2020 03:00           0           0           0           0           0           0
03/12/2020 04:00           0           0           0           0           0           0
03/12/2020 05:00           0           0           0           0           0           0
03/12/2020 06:00           0           0           0           0           0           0
03/12/2020 07:00           0           0           0           0           0           0
03/12/2020 08:00           0           0           0           0           0           0
03/12/2020 09:00           0           0           0           0           0           0
03/12/2020 10:00           0           0           0           0           0           0
03/12/2020 11:00           0           0          22         151         190         300
03/12/2020 12:00         250         213         247         352         323         227
03/12/2020 13:00         236         181         205         235         214         177
03/12/2020 14:00         158         162         194          57         123         179
03/12/2020 15:00         181         292         236         194         252         181
03/12/2020 16:00         142         156         107          37           1          29
03/12/2020 17:00           2           0           0           0           0           0
03/12/2020 18:00           0           0           0           0           0           0
03/12/2020 19:00           0           0           0           0           0           0
03/12/2020 20:00           0           0           0           0           0           0
03/12/2020 21:00           0           0           0           0           0           0
03/12/2020 22:00           0           0           0           0           0           0
03/12/2020 23:00           0           0           0           0           0           0
04/12/2020 00:00           0           0           0           0           0           0
04/12/2020 01:00           0           0           0           0           0           0
04/12/2020 02:00           0           0           0           0           0           0
04/12/2020 03:00           0           0           0           0           0           0
04/12/2020 04:00           0           0           0           0           0           0
04/12/2020 05:00           0           0           0           0           0           0
04/12/2020 06:00           0           0           0           0           0           0
04/12/2020 07:00           0           0           0           0           0           0
04/12/2020 08:00           0           0           0           0           0           0
04/12/2020 09:00           0           0           0           0           0           0
04/12/2020 10:00           1         327         461         623         820         383
04/12/2020 11:00         351        1100         904         452         549         910
04/12/2020 12:00        1031        1075        1827        2527        1864        1215
04/12/2020 13:00        1047        2132        2659        1881        1601        1636
04/12/2020 14:00         851        2023        2535        1691        2161        2182
04/12/2020 15:00        1754         867        1033        1389         540         739
04/12/2020 16:00         372         982         631         353         266         156
04/12/2020 17:00          51           2           0           0           0           0
04/12/2020 18:00           0           0           0           0           0           0
04/12/2020 19:00           0           0           0           0           0           0
04/12/2020 20:00           0           0           0           0           0           0
04/12/2020 21:00           0           0           0           0           0           0
04/12/2020 22:00           0           0           0           0           0           0
04/12/2020 23:00           0           0           0           0           0           0
05/12/2020 00:00           0           0           0           0           0           0
05/12/2020 01:00           0           0           0           0           0           0
05/12/2020 02:00           0           0           0           0           0           0
05/12/2020 03:00           0           0           0           0           0           0
05/12/2020 04:00           0           0           0           0           0           0
05/12/2020 05:00           0           0           0           0           0           0
05/12/2020 06:00           0           0           0           0           0           0
05/12/2020 07:00           0           0           0           0           0           0
05/12/2020 08:00           0           0           0           0           0           0
05/12/2020 09:00           0           0           0           0           0          61
05/12/2020 10:00         211         193         154         253         212         116
05/12/2020 11:00          88         327         736        1180        1287        1458
05/12/2020 12:00        1055        1444         765        1111         994         802
05/12/2020 13:00         587         431         514         571         485         614
05/12/2020 14:00         711         616         548         326         381         563
05/12/2020 15:00         365         342         253         236         230         152
05/12/2020 16:00          39         152         120          80          96          84
05/12/2020 17:00           0           0           0           0           0           0
05/12/2020 18:00           0           0           0           0           0           0
05/12/2020 19:00           0           0           0           0           0           0
05/12/2020 20:00           0           0           0           0           0           0
05/12/2020 21:00           0           0           0           0           0           0
05/12/2020 22:00           0           0           0           0           0           0
05/12/2020 23:00           0           0           0           0           0           0
06/12/2020 00:00           0           0           0           0           0           0
06/12/2020 01:00           0           0           0           0           0           0
06/12/2020 02:00           0           0           0           0           0           0
06/12/2020 03:00           0           0           0           0           0           0
06/12/2020 04:00           0           0           0           0           0           0
06/12/2020 05:00           0           0           0           0           0           0
06/12/2020 06:00           0           0           0           0           0           0
06/12/2020 07:00           0           0           0           0           0           0
06/12/2020 08:00           0           0           0           0           0           0
06/12/2020 09:00           0           0           0           0           0           0
06/12/2020 10:00          25         116         293         332         250         343
06/12/2020 11:00         387         669         705         839        1240        1182
06/12/2020 12:00        1320        2570        2039        2429        2086        1748
06/12/2020 13:00        1314        2766        3385        1769        1724        1709
06/12/2020 14:00        1709        1681        1631        1560        2281        2533
06/12/2020 15:00        1902        1772        1612        1360        1145        1310
06/12/2020 16:00        1017         716         616         403         187         153
06/12/2020 17:00         173         147          55          12           0           0
06/12/2020 18:00           0           0           0           0           0           0
06/12/2020 19:00           0           0           0           0           0           0
06/12/2020 20:00           0           0           0           0           0           0
06/12/2020 21:00           0           0           0           0           0           0
06/12/2020 22:00           0           0           0           0           0           0
06/12/2020 23:00           0           0           0           0           0           0
07/12/2020 00:00           0           0           0           0           0           0
07/12/2020 01:00           0           0           0           0           0           0
07/12/2020 02:00           0           0           0           0           0           0
07/12/2020 03:00           0           0           0           0           0           0
07/12/2020 04:00           0           0           0           0           0           0
07/12/2020 05:00           0           0           0           0           0           0
07/12/2020 06:00           0           0           0           0           0           0
07/12/2020 07:00           0           0           0           0           0           0
07/12/2020 08:00           0           0           0           0           0           0
07/12/2020 09:00           0           0           0           0           0           0
07/12/2020 10:00           8          83         164         239         294         355
07/12/2020 11:00         340         315         356         386         450         419
07/12/2020 12:00         565         664         154           0         512         759
07/12/2020 13:00         710         629         510         544         751         803
07/12/2020 14:00        1191         880        1122        1115        1162         560
07/12/2020 15:00         352         170         223         362         501         352
07/12/2020 16:00         153          39          38          80          25          51
07/12/2020 17:00          26           0           0           0           0           0
07/12/2020 18:00           0           0           0           0           0           0
07/12/2020 19:00           0           0           0           0           0           0
07/12/2020 20:00           0           0           0           0           0           0
07/12/2020 21:00           0           0           0           0           0           0
07/12/2020 22:00           0           0           0           0           0           0
07/12/2020 23:00           0           0           0           0           0           0
08/12/2020 00:00           0           0           0           0           0           0
08/12/2020 01:00           0           0           0           0           0           0
08/12/2020 02:00           0           0           0           0           0           0
08/12/2020 03:00           0           0           0           0           0           0
08/12/2020 04:00           0           0           0           0           0           0
08/12/2020 05:00           0           0           0           0           0           0
08/12/2020 06:00           0           0           0           0           0           0
08/12/2020 07:00           0           0           0           0           0           0
08/12/2020 08:00           0           0           0           0           0           0
08/12/2020 09:00           0           0           0           0           0           0
08/12/2020 10:00           0           0           0           1          25         112
08/12/2020 11:00          79         194         453         656         676         723
08/12/2020 12:00         689         577         379         420         447         441
08/12/2020 13:00         540         586         685         683         744         929
08/12/2020 14:00        1197        1448        1971        2189        1938        1627
08/12/2020 15:00        1136        1983        1820        1093        1340        1149
08/12/2020 16:00        1098        1075        1216        1254         842         367
08/12/2020 17:00         156          21           0           0           0           0
08/12/2020 18:00           0           0           0           0           0           0
08/12/2020 19:00           0           0           0           0           0           0
08/12/2020 20:00           0           0           0           0           0           0
08/12/2020 21:00           0           0           0           0           0           0
08/12/2020 22:00           0           0           0           0           0           0
08/12/2020 23:00           0           0           0           0           0           0
09/12/2020 00:00           0           0           0           0           0           0
09/12/2020 01:00           0           0           0           0           0           0
09/12/2020 02:00           0           0           0           0           0           0
09/12/2020 03:00           0           0           0           0           0           0
09/12/2020 04:00           0           0           0           0           0           0
09/12/2020 05:00           0           0           0           0           0           0
09/12/2020 06:00           0           0           0           0           0           0
09/12/2020 07:00           0           0           0           0           0           0
09/12/2020 08:00           0           0           0           0           0           0
09/12/2020 09:00           0           0           0          60         161         267
09/12/2020 10:00         529         745         914         898         810         764
09/12/2020 11:00         706        1158        1271        1368        1209        1204
09/12/2020 12:00        1439        1397        1023         742         809         824
09/12/2020 13:00         928         906         461         204         284         383
09/12/2020 14:00         281         385         531         861         770         740
09/12/2020 15:00        1036         868         588         533         462         476
09/12/2020 16:00         759         438         262         267         211          44
09/12/2020 17:00           3           0           0           0           0           0
09/12/2020 18:00           0           0           0           0           0           0
09/12/2020 19:00           0           0           0           0           0           0
09/12/2020 20:00           0           0           0           0           0           0
09/12/2020 21:00           0           0           0           0           0           0
09/12/2020 22:00           0           0           0           0           0           0
09/12/2020 23:00           0           0           0           0           0           0
10/12/2020 00:00           0           0           0           0           0           0
10/12/2020 01:00           0           0           0           0           0           0
10/12/2020 02:00           0           0           0           0           0           0
10/12/2020 03:00           0           0           0           0           0           0
10/12/2020 04:00           0           0           0           0           0           0
10/12/2020 05:00           0           0           0           0           0           0
10/12/2020 06:00           0           0           0           0           0           0
10/12/2020 07:00           0           0           0           0           0           0
10/12/2020 08:00           0           0           0           0           0           0
10/12/2020 09:00           0           0           0           0           0           0
10/12/2020 10:00           0          66         139         218         273         346
10/12/2020 11:00         444         555         660         823        1078        1433
10/12/2020 12:00        1635        2050        1854        2142        2260        2267
10/12/2020 13:00        2170        2357        2391        2394        2416        2391
10/12/2020 14:00        2327        2243        2158        2080        1977        1867
10/12/2020 15:00        1758        1654        1548        1431        1336        1231
10/12/2020 16:00        1109         975         831         697         572         417
10/12/2020 17:00         150         100          11           0           0           0
10/12/2020 18:00           0           0           0           0           0           0
10/12/2020 19:00           0           0           0           0           0           0
10/12/2020 20:00           0           0           0           0           0           0
10/12/2020 21:00           0           0           0           0           0           0
10/12/2020 22:00           0           0           0           0           0           0
10/12/2020 23:00           0           0           0           0           0           0
11/12/2020 00:00           0           0           0           0           0           0
11/12/2020 01:00           0           0           0           0           0           0
11/12/2020 02:00           0           0           0           0           0           0
11/12/2020 03:00           0           0           0           0           0           0
11/12/2020 04:00           0           0           0           0           0           0
11/12/2020 05:00           0           0           0           0           0           0
11/12/2020 06:00           0           0           0           0           0           0
11/12/2020 07:00           0           0           0           0           0           0
11/12/2020 08:00           0           0           0           0           0           0
11/12/2020 09:00           0           0           0           0           0           0
11/12/2020 10:00           0           0           0           0           0           0
11/12/2020 11:00         195         233         273         370         356         291
11/12/2020 12:00         364         528         468         843        1123         675
11/12/2020 13:00         375         273         178         198         281        1076
11/12/2020 14:00        1737        1222        1077        1027         863         900
11/12/2020 15:00        1241        1272        1035         606         117         142
11/12/2020 16:00          41          58          56          19           0           0
11/12/2020 17:00           0           0           0           0           0           0
11/12/2020 18:00           0           0           0           0           0           0
11/12/2020 19:00           0           0           0           0           0           0
11/12/2020 20:00           0           0           0           0           0           0
11/12/2020 21:00           0           0           0           0           0           0
11/12/2020 22:00           0           0           0           0           0           0
11/12/2020 23:00           0           0           0           0           0           0
12/12/2020 00:00           0           0           0           0           0           0
12/12/2020 01:00           0           0           0           0           0           0
12/12/2020 02:00           0           0           0           0           0           0
12/12/2020 03:00           0           0           0           0           0           0
12/12/2020 04:00           0           0           0           0           0           0
12/12/2020 05:00           0           0           0           0           0           0
12/12/2020 06:00           0           0           0           0           0           0
12/12/2020 07:00           0           0           0           0           0           0
12/12/2020 08:00           0           0           0           0           0           0
12/12/2020 09:00           0           0           0           0           0           0
12/12/2020 10:00           8          83          63          82         155         131
12/12/2020 11:00         192         402         287         200         297         229
12/12/2020 12:00         257         255         252         579         534         587
12/12/2020 13:00         551         429         596         729         820         601
12/12/2020 14:00        1153        1240         856         653         932         798
12/12/2020 15:00         975         761         472         541         595         357
12/12/2020 16:00         318         139         103           1           0           0
12/12/2020 17:00           0           0           0           0           0           0
12/12/2020 18:00           0           0           0           0           0           0
12/12/2020 19:00           0           0           0           0           0           0
12/12/2020 20:00           0           0           0           0           0           0
12/12/2020 21:00           0           0           0           0           0           0
12/12/2020 22:00           0           0           0           0           0           0
12/12/2020 23:00           0           0           0           0           0           0
13/12/2020 00:00           0           0           0           0           0           0
13/12/2020 01:00           0           0           0           0           0           0
13/12/2020 02:00           0           0           0           0           0           0
13/12/2020 03:00           0           0           0           0           0           0
13/12/2020 04:00           0           0           0           0           0           0
13/12/2020 05:00           0           0           0           0           0           0
13/12/2020 06:00           0           0           0           0           0           0
13/12/2020 07:00           0           0           0           0           0           0
13/12/2020 08:00           0           0           0           0           0           0
13/12/2020 09:00           0           0           0          64         215         359
13/12/2020 10:00         548         745         681         380         332         362
13/12/2020 11:00         372         405         460         651         621         769
13/12/2020 12:00        1148        1231        1324        1266        1409        1510
13/12/2020 13:00        1795        1686        1226        1245        1261        1204
13/12/2020 14:00        1448        1527        1698        1322         918         664
13/12/2020 15:00         456         450         462         420         451         305
13/12/2020 16:00         256         270         261         254         217         101
13/12/2020 17:00          12           0           0           0           0           0
13/12/2020 18:00           0           0           0           0           0           0
13/12/2020 19:00           0           0           0           0           0           0
13/12/2020 20:00           0           0           0           0           0           0
13/12/2020 21:00           0           0           0           0           0           0
13/12/2020 22:00           0           0           0           0           0           0
13/12/2020 23:00           0           0           0           0           0           0
14/12/2020 00:00           0           0           0           0           0           0
14/12/2020 01:00           0           0           0           0           0           0
14/12/2020 02:00           0           0           0           0           0           0
14/12/2020 03:00           0           0           0           0           0           0
14/12/2020 04:00           0           0           0           0           0           0
14/12/2020 05:00           0           0           0           0           0           0
14/12/2020 06:00           0           0           0           0           0           0
14/12/2020 07:00           0           0           0           0           0           0
14/12/2020 08:00           0           0           0           0           0           0
14/12/2020 09:00           0           0           0           0           0           0
14/12/2020 10:00           1         123         266         471         581         504
14/12/2020 11:00         418         527         662         823         703         597
14/12/2020 12:00         673        1032        1169        1152        1096        1003
14/12/2020 13:00        1324        1318        1363        1311         956        1321
14/12/2020 14:00        1616        1185        1264        1684        1471        1175
14/12/2020 15:00         900         726         654         525         391         269
14/12/2020 16:00         233         288         304           0         214           0
14/12/2020 17:00           0           0           0           0           0           0
14/12/2020 18:00           0           0           0           0           0           0
14/12/2020 19:00           0           0           0           0           0           0
14/12/2020 20:00           0           0           0           0           0           0
14/12/2020 21:00           0           0           0           0           0           0
14/12/2020 22:00           0           0           0           0           0           0
14/12/2020 23:00           0           0           0           0           0           0
15/12/2020 00:00           0           0           0           0           0           0
15/12/2020 01:00           0           0           0           0           0           0
15/12/2020 02:00           0           0           0           0           0           0
15/12/2020 03:00           0           0           0           0           0           0
15/12/2020 04:00           0           0           0           0           0           0
15/12/2020 05:00           0           0           0           0           0           0
15/12/2020 06:00           0           0           0           0           0           0
15/12/2020 07:00           0           0           0           0           0           0
15/12/2020 08:00           0           0           0           0           0           0
15/12/2020 09:00           0           0           0          28          75          59
15/12/2020 10:00         103          88          35         124         478         834
15/12/2020 11:00        1075         985         907         703         393        1250
15/12/2020 12:00        2329        2176        1279        1097        1475        2573
15/12/2020 13:00        1811        1813         447         380        1392        1878
15/12/2020 14:00        1389        1309        1508        1418        1240         993
15/12/2020 15:00         908        1147         369         373         411         656
15/12/2020 16:00         534         189          95          45          11           0
15/12/2020 17:00           0           0           0           0           0           0
15/12/2020 18:00           0           0           0           0           0           0
15/12/2020 19:00           0           0           0           0           0           0
15/12/2020 20:00           0           0           0           0           0           0
15/12/2020 21:00           0           0           0           0           0           0
15/12/2020 22:00           0           0           0           0           0           0
15/12/2020 23:00           0           0           0           0           0           0
16/12/2020 00:00           0           0           0           0           0           0
16/12/2020 01:00           0           0           0           0           0           0
16/12/2020 02:00           0           0           0           0           0           0
16/12/2020 03:00           0           0           0           0           0           0
16/12/2020 04:00           0           0           0           0           0           0
16/12/2020 05:00           0           0           0           0           0           0
16/12/2020 06:00           0           0           0           0           0           0
16/12/2020 07:00           0           0           0           0           0           0
16/12/2020 08:00           0           0           0           0           0           0
16/12/2020 09:00          62         169         273         243         249         277
16/12/2020 10:00         357         380         456         502         464         415
16/12/2020 11:00         471         546         620         643         558         605
16/12/2020 12:00         600         469         364         489         447         489
16/12/2020 13:00         872        1455        1060         723         475         596
16/12/2020 14:00         787         860         855        1104         798         569
16/12/2020 15:00         418         368         367         334         259          82
16/12/2020 16:00          34          46          24           0           0          20
16/12/2020 17:00           0           0           0           0           0           0
16/12/2020 18:00           0           0           0           0           0           0
16/12/2020 19:00           0           0           0           0           0           0
16/12/2020 20:00           0           0           0           0           0           0
16/12/2020 21:00           0           0           0           0           0           0
16/12/2020 22:00           0           0           0           0           0           0
16/12/2020 23:00           0           0           0           0           0           0
17/12/2020 00:00           0           0           0           0           0           0
17/12/2020 01:00           0           0           0           0           0           0
17/12/2020 02:00           0           0           0           0           0           0
17/12/2020 03:00           0           0           0           0           0           0
17/12/2020 04:00           0           0           0           0           0           0
17/12/2020 05:00           0           0           0           0           0           0
17/12/2020 06:00           0           0           0           0           0           0
17/12/2020 07:00           0           0           0           0           0           0
17/12/2020 08:00           0           0           0           0           0           0
17/12/2020 09:00           0          36          53          45         166         377
17/12/2020 10:00         406         466         787        1211        1491        1013
17/12/2020 11:00         623         385         612         629         707         582
17/12/2020 12:00         473         421         306         314         454         562
17/12/2020 13:00         672         966        1001         983         669         668
17/12/2020 14:00         827         571         440         576         561        1149
17/12/2020 15:00         674         325         400         371         593         490
17/12/2020 16:00         252         176          70           8           0           0
17/12/2020 17:00           0           0           0           0           0           0
17/12/2020 18:00           0           0           0           0           0           0
17/12/2020 19:00           0           0           0           0           0           0
17/12/2020 20:00           0           0           0           0           0           0
17/12/2020 21:00           0           0           0           0           0           0
17/12/2020 22:00           0           0           0           0           0           0
17/12/2020 23:00           0           0           0           0           0           0
18/12/2020 00:00           0           0           0           0           0           0
18/12/2020 01:00           0           0           0           0           0           0
18/12/2020 02:00           0           0           0           0           0           0
18/12/2020 03:00           0           0           0           0           0           0
18/12/2020 04:00           0           0           0           0           0           0
18/12/2020 05:00           0           0           0           0           0           0
18/12/2020 06:00           0           0           0           0           0           0
18/12/2020 07:00           0           0           0           0           0           0
18/12/2020 08:00           0           0           0           0           0          34
18/12/2020 09:00         209         396         511         494         476         396
18/12/2020 10:00         462         527         566         608        1264        1649
18/12/2020 11:00        1441         840         684        1453        1538        1570
18/12/2020 12:00        1574        1594        1639        1631        1629        1592
18/12/2020 13:00        1582        1513        1486        1430        1363        1333
18/12/2020 14:00        1266        1086        1144        1089        1039         962
18/12/2020 15:00         759         686         726         688         763         608
18/12/2020 16:00         389         235          72          25           0           0
18/12/2020 17:00           0           0           0           0           0           0
18/12/2020 18:00           0           0           0           0           0           0
18/12/2020 19:00           0           0           0           0           0           0
18/12/2020 20:00           0           0           0           0           0           0
18/12/2020 21:00           0           0           0           0           0           0
18/12/2020 22:00           0           0           0           0           0           0
18/12/2020 23:00           0           0           0           0           0           0
19/12/2020 00:00           0           0           0           0           0           0
19/12/2020 01:00           0           0           0           0           0           0
19/12/2020 02:00           0           0           0           0           0           0
19/12/2020 03:00           0           0           0           0           0           0
19/12/2020 04:00           0           0           0           0           0           0
19/12/2020 05:00           0           0           0           0           0           0
19/12/2020 06:00           0           0           0           0           0           0
19/12/2020 07:00           0           0           0           0           0           0
19/12/2020 08:00           0           0           0           0           0           0
19/12/2020 09:00           0           1           0           0           0         113
19/12/2020 10:00         134          32          62         204         288         297
19/12/2020 11:00         385         321         418         408         351         224
19/12/2020 12:00         254         289         489         420         341         430
19/12/2020 13:00         643         701         854         833         646         505
19/12/2020 14:00         244         174         228         456         562         520
19/12/2020 15:00         354         245         188         228         315         208
19/12/2020 16:00         182          31           0           0           0           0
19/12/2020 17:00           0           0           0           0           0           0
19/12/2020 18:00           0           0           0           0           0           0
19/12/2020 19:00           0           0           0           0           0           0
19/12/2020 20:00           0           0           0           0           0           0
19/12/2020 21:00           0           0           0           0           0           0
19/12/2020 22:00           0           0           0           0           0           0
19/12/2020 23:00           0           0           0           0           0           0
20/12/2020 00:00           0           0           0           0           0           0
20/12/2020 01:00           0           0           0           0           0           0
20/12/2020 02:00           0           0           0           0           0           0
20/12/2020 03:00           0           0           0           0           0           0
20/12/2020 04:00           0           0           0           0           0           0
20/12/2020 05:00           0           0           0           0           0           0
20/12/2020 06:00           0           0           0           0           0           0
20/12/2020 07:00           0           0           0           0           0           0
20/12/2020 08:00           0           0           0           0           0           0
20/12/2020 09:00           0           0           8          98         207         146
20/12/2020 10:00         235         231         341         427         492        1179
20/12/2020 11:00         843         761        1036         966        1090        1318
20/12/2020 12:00        1227        1110         590         818        1099        1829
20/12/2020 13:00        1474        1225        1416        1299        1052        1367
20/12/2020 14:00        1164        1053        1110        1023         946         901
20/12/2020 15:00         798         661         433         469         431         223
20/12/2020 16:00         181          10           0           0           0           0
20/12/2020 17:00           0           0           0           0           0           0
20/12/2020 18:00           0           0           0           0           0           0
20/12/2020 19:00           0           0           0           0           0           0
20/12/2020 20:00           0           0           0           0           0           0
20/12/2020 21:00           0           0           0           0           0           0
20/12/2020 22:00           0           0           0           0           0           0
20/12/2020 23:00           0           0           0           0           0           0
21/12/2020 00:00           0           0           0           0           0           0
21/12/2020 01:00           0           0           0           0           0           0
21/12/2020 02:00           0           0           0           0           0           0
21/12/2020 03:00           0           0           0           0           0           0
21/12/2020 04:00           0           0           0           0           0           0
21/12/2020 05:00           0           0           0           0           0           0
21/12/2020 06:00           0           0           0           0           0           0
21/12/2020 07:00           0           0           0           0           0           0
21/12/2020 08:00           0           0           0           0           0           0
21/12/2020 09:00           0          27          11           0           0           0
21/12/2020 10:00           0           0           0           0           0           0
21/12/2020 11:00           3           0           0           0           0          27
21/12/2020 12:00          30         132         108         247         299         401
21/12/2020 13:00         263         139         108         142         185         190
21/12/2020 14:00         184         281         232          64         144         223
21/12/2020 15:00         178          97           0          40           6           0
21/12/2020 16:00           0           0           0           0           0           0
21/12/2020 17:00           0           0           0           0           0           0
21/12/2020 18:00           0           0           0           0           0           0
21/12/2020 19:00           0           0           0           0           0           0
21/12/2020 20:00           0           0           0           0           0           0
21/12/2020 21:00           0           0           0           0           0           0
21/12/2020 22:00           0           0           0           0           0           0
21/12/2020 23:00           0           0           0           0           0           0
22/12/2020 00:00           0           0           0           0           0           0
22/12/2020 01:00           0           0           0           0           0           0
22/12/2020 02:00           0           0           0           0           0           0
22/12/2020 03:00           0           0           0           0           0           0
22/12/2020 04:00           0           0           0           0           0           0
22/12/2020 05:00           0           0           0           0           0           0
22/12/2020 06:00           0           0           0           0           0           0
22/12/2020 07:00           0           0           0           0           0           0
22/12/2020 08:00           0           0           0           0           0           0
22/12/2020 09:00           0           0           0          72          76           0
22/12/2020 10:00           8         125         147          93         132         111
22/12/2020 11:00          13         137         166         165         196         327
22/12/2020 12:00         463         596         399         261         421         443
22/12/2020 13:00         511         365         258         253         321         217
22/12/2020 14:00         155         302         248         140          87         337
22/12/2020 15:00         225         127         124         146         124          70
22/12/2020 16:00           0          11           0           0           0           0
22/12/2020 17:00           0           0           0           0           0           0
22/12/2020 18:00           0           0           0           0           0           0
22/12/2020 19:00           0           0           0           0           0           0
22/12/2020 20:00           0           0           0           0           0           0
22/12/2020 21:00           0           0           0           0           0           0
22/12/2020 22:00           0           0           0           0           0           0
22/12/2020 23:00           0           0           0           0           0           0
23/12/2020 00:00           0           0           0           0           0           0
23/12/2020 01:00           0           0           0           0           0           0
23/12/2020 02:00           0           0           0           0           0           0
23/12/2020 03:00           0           0           0           0           0           0
23/12/2020 04:00           0           0           0           0           0           0
23/12/2020 05:00           0           0           0           0           0           0
23/12/2020 06:00           0           0           0           0           0           0
23/12/2020 07:00           0           0           0           0           0           0
23/12/2020 08:00           0           0           0           0           0           0
23/12/2020 09:00           0           0           0           0           0           0
23/12/2020 10:00           0           0          39           4          59          45
23/12/2020 11:00           6           0          56         354         465         314
23/12/2020 12:00         285         411         561         633         392         506
23/12/2020 13:00         321         260         304         354         235         381
23/12/2020 14:00         400         215         130         154         154         162
23/12/2020 15:00           3         100          52          77          72         167
23/12/2020 16:00           9           9         137           0           0           0
23/12/2020 17:00           0           0           0           0           0           0
23/12/2020 18:00           0           0           0           0           0           0
23/12/2020 19:00           0           0           0           0           0           0
23/12/2020 20:00           0           0           0           0           0           0
23/12/2020 21:00           0           0           0           0           0           0
23/12/2020 22:00           0           0           0           0           0           0
23/12/2020 23:00           0           0           0           0           0           0
24/12/2020 00:00           0           0           0           0           0           0
24/12/2020 01:00           0           0           0           0           0           0
24/12/2020 02:00           0           0           0           0           0           0
24/12/2020 03:00           0           0           0           0           0           0
24/12/2020 04:00           0           0           0           0           0           0
24/12/2020 05:00           0           0           0           0           0           0
24/12/2020 06:00           0           0           0           0           0           0
24/12/2020 07:00           0           0           0           0           0           0
24/12/2020 08:00           0           0           0           0           0           0
24/12/2020 09:00           0           0           9          18           0           0
24/12/2020 10:00           0          16         138         126         263         241
24/12/2020 11:00         323         350         322         362         317         254
24/12/2020 12:00         380         230         244         304         630         377
24/12/2020 13:00         603         656         671        1086         885         709
24/12/2020 14:00         626         868         851         729         417         390
24/12/2020 15:00         380         205         206          75           0         166
24/12/2020 16:00         109           0           0           0           0           0
24/12/2020 17:00           0           0           0           0           0           0
24/12/2020 18:00           0           0           0           0           0           0
24/12/2020 19:00           0           0           0           0           0           0
24/12/2020 20:00           0           0           0           0           0           0
24/12/2020 21:00           0           0           0           0           0           0
24/12/2020 22:00           0           0           0           0           0           0
24/12/2020 23:00           0           0           0           0           0           0
25/12/2020 00:00           0           0           0           0           0           0
25/12/2020 01:00           0           0           0           0           0           0
25/12/2020 02:00           0           0           0           0           0           0
25/12/2020 03:00           0           0           0           0           0           0
25/12/2020 04:00           0           0           0           0           0           0
25/12/2020 05:00           0           0           0           0           0           0
25/12/2020 06:00           0           0           0           0           0           0
25/12/2020 07:00           0           0           0           0           0           0
25/12/2020 08:00           0           0           0           0           0           0
25/12/2020 09:00           0           1         117         196         366         773
25/12/2020 10:00         838         974        1131         896        1606        1536
25/12/2020 11:00        1140         608         495         964         940         964
25/12/2020 12:00        1286        1104        1623        1231        1894        2003
25/12/2020 13:00        2227        1405        2080        1721        1230        1222
25/12/2020 14:00        1397        1455        1058        1254         441         996
25/12/2020 15:00        1216         657        1084         723         706         133
25/12/2020 16:00          95         103          31           0           0           0
25/12/2020 17:00           0           0           0           0           0           0
25/12/2020 18:00           0           0           0           0           0           0
25/12/2020 19:00           0           0           0           0           0           0
25/12/2020 20:00           0           0           0           0           0           0
25/12/2020 21:00           0           0           0           0           0           0
25/12/2020 22:00           0           0           0           0           0           0
25/12/2020 23:00           0           0           0           0           0           0
26/12/2020 00:00           0           0           0           0           0           0
26/12/2020 01:00           0           0           0           0           0           0
26/12/2020 02:00           0           0           0           0           0           0
26/12/2020 03:00           0           0           0           0           0           0
26/12/2020 04:00           0           0           0           0           0           0
26/12/2020 05:00           0           0           0           0           0           0
26/12/2020 06:00           0           0           0           0           0           0
26/12/2020 07:00           0           0           0           0           0           0
26/12/2020 08:00           0           0           0           0           0           0
26/12/2020 09:00           1          73         362         433         874         666
26/12/2020 10:00         687         812         563        1260        1506        1653
26/12/2020 11:00        1764        1855        1943        2036        2260        2394
26/12/2020 12:00        2275        2343        2469        2181        2343        2316
26/12/2020 13:00        2416        2356        1977        1251        1045         935
26/12/2020 14:00         763         630         716         884         633         635
26/12/2020 15:00         530         618         588         595         495         673
26/12/2020 16:00         450         218         158          57           0           0
26/12/2020 17:00           0           0           0           0           0           0
26/12/2020 18:00           0           0           0           0           0           0
26/12/2020 19:00           0           0           0           0           0           0
26/12/2020 20:00           0           0           0           0           0           0
26/12/2020 21:00           0           0           0           0           0           0
26/12/2020 22:00           0           0           0           0           0           0
26/12/2020 23:00           0           0           0           0           0           0
27/12/2020 00:00           0           0           0           0           0           0
27/12/2020 01:00           0           0           0           0           0           0
27/12/2020 02:00           0           0           0           0           0           0
27/12/2020 03:00           0           0           0           0           0           0
27/12/2020 04:00           0           0           0           0           0           0
27/12/2020 05:00           0           0           0           0           0           0
27/12/2020 06:00           0           0           0           0           0           0
27/12/2020 07:00           0           0           0           0           0           0
27/12/2020 08:00           0           0           0           0           0           0
27/12/2020 09:00           0           0           0           0           0           0
27/12/2020 10:00           0          33          21          89          27          81
27/12/2020 11:00          47          38          59          72          95          84
27/12/2020 12:00         130         103          52          65          31          20
27/12/2020 13:00          59          75          33          28          27          54
27/12/2020 14:00          21          35          13          15           0           0
27/12/2020 15:00           0          21          93           9           0           0
27/12/2020 16:00           0           0           0           0           0           0
27/12/2020 17:00           0           0           0           0           0           0
27/12/2020 18:00           0           0           0           0           0           0
27/12/2020 19:00           0           0           0           0           0           0
27/12/2020 20:00           0           0           0           0           0           0
27/12/2020 21:00           0           0           0           0           0           0
27/12/2020 22:00           0           0           0           0           0           0
27/12/2020 23:00           0           0           0           0           0           0
28/12/2020 00:00           0           0           0           0           0           0
28/12/2020 01:00           0           0           0           0           0           0
28/12/2020 02:00           0           0           0           0           0           0
28/12/2020 03:00           0           0           0           0           0           0
28/12/2020 04:00           0           0           0           0           0           0
28/12/2020 05:00           0           0           0           0           0           0
28/12/2020 06:00           0           0           0           0           0           0
28/12/2020 07:00           0           0           0           0           0           0
28/12/2020 08:00           0           0           0           0           0           0
28/12/2020 09:00           0           0           0           0          81         165
28/12/2020 10:00         227         347         211         185         753        1608
28/12/2020 11:00        1099        1363        1419        1681        1342        1665
28/12/2020 12:00        1465        1286        1408        1161        1127        1523
28/12/2020 13:00        1625        1294        1322         866         578         501
28/12/2020 14:00         576         329         410         479         230         197
28/12/2020 15:00         118          20           0           0           0           0
28/12/2020 16:00           0           0           0           0           0           0
28/12/2020 17:00           0           0           0           0           0           0
28/12/2020 18:00           0           0           0           0           0           0
28/12/2020 19:00           0           0           0           0           0           0
28/12/2020 20:00           0           0           0           0           0           0
28/12/2020 21:00           0           0           0           0           0           0
28/12/2020 22:00           0           0           0           0           0           0
28/12/2020 23:00           0           0           0           0           0           0
29/12/2020 00:00           0           0           0           0           0           0
29/12/2020 01:00           0           0           0           0           0           0
29/12/2020 02:00           0           0           0           0           0           0
29/12/2020 03:00           0           0           0           0           0           0
29/12/2020 04:00           0           0           0           0           0           0
29/12/2020 05:00           0           0           0           0           0           0
29/12/2020 06:00           0           0           0           0           0           0
29/12/2020 07:00           0           0           0           0           0           0
29/12/2020 08:00           0           0           0           0           0           2
29/12/2020 09:00         146         258         303         538         568         730
29/12/2020 10:00         927         928         573         559        1047        1173
29/12/2020 11:00        1493         665         493          55         153         428
29/12/2020 12:00         331         217         136         161         215         177
29/12/2020 13:00         189         126          95          78         115         122
29/12/2020 14:00         158         248         174         137         193         341
29/12/2020 15:00         273         203         105         124         150         160
29/12/2020 16:00          85          30           0           0           0           0
29/12/2020 17:00           0           0           0           0           0           0
29/12/2020 18:00           0           0           0           0           0           0
29/12/2020 19:00           0           0           0           0           0           0
29/12/2020 20:00           0           0           0           0           0           0
29/12/2020 21:00           0           0           0           0           0           0
29/12/2020 22:00           0           0           0           0           0           0
29/12/2020 23:00           0           0           0           0           0           0
30/12/2020 00:00           0           0           0           0           0           0
30/12/2020 01:00           0           0           0           0           0           0
30/12/2020 02:00           0           0           0           0           0           0
30/12/2020 03:00           0           0           0           0           0           0
30/12/2020 04:00           0           0           0           0           0           0
30/12/2020 05:00           0           0           0           0           0           0
30/12/2020 06:00           0           0           0           0           0           0
30/12/2020 07:00           0           0           0           0           0           0
30/12/2020 08:00           0           0           0           0           0           0
30/12/2020 09:00           0         142         267         685         741         297
30/12/2020 10:00         270         360         386         407         394         842
30/12/2020 11:00        1495        1548        2103        1233        1258        1391
30/12/2020 12:00        1588        1650        1982        1632        1385        2279
30/12/2020 13:00        2099        2266        1752         862        1457        1707
30/12/2020 14:00        1209         758         812         335         464         491
30/12/2020 15:00         280         359         421         586         234         167
30/12/2020 16:00         293         242         108          21           0           0
30/12/2020 17:00           0           0           0           0           0           0
30/12/2020 18:00           0           0           0           0           0           0
30/12/2020 19:00           0           0           0           0           0           0
30/12/2020 20:00           0           0           0           0           0           0
30/12/2020 21:00           0           0           0           0           0           0
30/12/2020 22:00           0           0           0           0           0           0
30/12/2020 23:00           0           0           0           0           0           0
31/12/2020 00:00           0           0           0           0           0           0
31/12/2020 01:00           0           0           0           0           0           0
31/12/2020 02:00           0           0           0           0           0           0
31/12/2020 03:00           0           0           0           0           0           0
31/12/2020 04:00           0           0           0           0           0           0
31/12/2020 05:00           0           0           0           0           0           0
31/12/2020 06:00           0           0           0           0           0           0
31/12/2020 07:00           0           0           0           0           0           0
31/12/2020 08:00           0           0           0           0           0           0
31/12/2020 09:00           0           0           0           0           0           0
31/12/2020 10:00          61         132          13           2           1          34
31/12/2020 11:00         102         166         337         382         339         316
31/12/2020 12:00         434         484         344         164         262         287
31/12/2020 13:00         620        1173         638         670         744         655
31/12/2020 14:00         467         259         294         239         213         204
31/12/2020 15:00         227         364         427         684         668         279
31/12/2020 16:00         192         181         101          31           5           0
31/12/2020 17:00           0           0           0           0           0           0
31/12/2020 18:00           0           0           0           0           0           0
31/12/2020 19:00           0           0           0           0           0           0
31/12/2020 20:00           0           0           0           0           0           0
31/12/2020 21:00           0           0           0           0           0           0
31/12/2020 22:00           0           0           0           0           0           0
31/12/2020 23:00           0           0           0           0           0           0
01/01/2021 00:00           0           0           0           0           0           0
01/01/2021 01:00           0           0           0           0           0           0
