01/10/2020 02:00           0           0           0           0           0           0
01/10/2020 03:00           0           0           0           0           0           0
01/10/2020 04:00           0           0           0           0           0           0
01/10/2020 05:00           0           0           0           0           0           0
01/10/2020 06:00           0           0           0           0           0           0
01/10/2020 07:00           0           0           0           0           0           0
01/10/2020 08:00           0           0           0           0           0           0
01/10/2020 09:00           0           0           1          89         236         320
01/10/2020 10:00         322         376         428         235         640         592
01/10/2020 11:00         708        1142        1749        2475         898        1200
01/10/2020 12:00        1823        2407        4537        5415        4746        3623
01/10/2020 13:00        2833        3848        2116        2419        1407        2097
01/10/2020 14:00        4779        4992        4371        2863         519        1536
01/10/2020 15:00        3243        2306        2968        4503        3368        1092
01/10/2020 16:00        2069        1451        2490        2631         533        1150
01/10/2020 17:00        1643        1789        2121        2224        1285        1147
01/10/2020 18:00         804         367         285         306         225         113
01/10/2020 19:00          39           0           0           0           0           0
01/10/2020 20:00           0           0           0           0           0           0
01/10/2020 21:00           0           0           0           0           0           0
01/10/2020 22:00           0           0           0           0           0           0
01/10/2020 23:00           0           0           0           0           0           0
02/10/2020 00:00           0           0           0           0           0           0
02/10/2020 01:00           0           0           0           0           0           0
02/10/2020 02:00           0           0           0           0           0           0
02/10/2020 03:00           0           0           0           0           0           0
02/10/2020 04:00           0           0           0           0           0           0
02/10/2020 05:00           0           0           0           0           0           0
02/10/2020 06:00           0           0           0           0           0           0
02/10/2020 07:00           0           0           0           0           0           0
02/10/2020 08:00           0           0           0           0           0           0
02/10/2020 09:00           0           0           0           0          50          82
02/10/2020 10:00         234         260         258         273         310         521
02/10/2020 11:00         486         667         856         796         896        1013
02/10/2020 12:00         812        1207        1209        1381        1352        1313
02/10/2020 13:00         939         825        1351         912         825         935
02/10/2020 14:00         621         433         477         355          93         150
02/10/2020 15:00         307         354         338         395         518         483
02/10/2020 16:00         548         585         430         359         571         411
02/10/2020 17:00         323         380         499         414         367         376
02/10/2020 18:00         307         156           5           0           0           0
02/10/2020 19:00           0           0           0           0           0           0
02/10/2020 20:00           0           0           0           0           0           0
02/10/2020 21:00           0           0           0           0           0           0
02/10/2020 22:00           0           0           0           0           0           0
02/10/2020 23:00           0           0           0           0           0           0
03/10/2020 00:00           0           0           0           0           0           0
03/10/2020 01:00           0           0           0           0           0           0
03/10/2020 02:00           0           0           0           0           0           0
03/10/2020 03:00           0           0           0           0           0           0
03/10/2020 04:00           0           0           0           0           0           0
03/10/2020 05:00           0           0           0           0           0           0
03/10/2020 06:00           0           0           0           0           0           0
03/10/2020 07:00           0           0           0           0           0           0
03/10/2020 08:00           0          28         223         221         514         820
03/10/2020 09:00         423         393         735        2288        2660        2917
03/10/2020 10:00        3195        3450        3689        3929        4134        3800
03/10/2020 11:00        4319        3786        4264        3868        3525        2719
03/10/2020 12:00        2852        1856        2662        3481        3077        2812
03/10/2020 13:00        1576        1107        4112        3768        4314        2958
03/10/2020 14:00        2324        1945        1960        2464        3230        1595
03/10/2020 15:00        1420        1208        1820        1825        1597        1035
03/10/2020 16:00         300         286         949         927        1320         944
03/10/2020 17:00         488         877         752         581         511         509
03/10/2020 18:00         323         211         134         121          46           0
03/10/2020 19:00           0           0           0           0           0           0
03/10/2020 20:00           0           0           0           0           0           0
03/10/2020 21:00           0           0           0           0           0           0
03/10/2020 22:00           0           0           0           0           0           0
03/10/2020 23:00           0           0           0           0           0           0
04/10/2020 00:00           0           0           0           0           0           0
04/10/2020 01:00           0           0           0           0           0           0
04/10/2020 02:00           0           0           0           0           0           0
04/10/2020 03:00           0           0           0           0           0           0
04/10/2020 04:00           0           0           0           0           0           0
04/10/2020 05:00           0           0           0           0           0           0
04/10/2020 06:00           0           0           0           0           0           0
04/10/2020 07:00           0           0           0           0           0           0
04/10/2020 08:00           0          12          59          86         298         273
04/10/2020 09:00         343         423         377         341         409         603
04/10/2020 10:00         747        1454        1080        1338        2036        2238
04/10/2020 11:00        1785        1176        1095        1146        1238        1841
04/10/2020 12:00        2283        2658        4255        2796        1131         880
04/10/2020 13:00         891         808         686        1718        2030        1398
04/10/2020 14:00        1735        2748        1591        2390        1094        1448
04/10/2020 15:00        1849        1249        4343        3789        2732        3483
04/10/2020 16:00        2286        2938        3318        1863        1537         794
04/10/2020 17:00        1121         964         480         503         769         936
04/10/2020 18:00         815         576         376         296         209          58
04/10/2020 19:00           0           0           0           0           0           0
04/10/2020 20:00           0           0           0           0           0           0
04/10/2020 21:00           0           0           0           0           0           0
04/10/2020 22:00           0           0           0           0           0           0
04/10/2020 23:00           0           0           0           0           0           0
05/10/2020 00:00           0           0           0           0           0           0
05/10/2020 01:00           0           0           0           0           0           0
05/10/2020 02:00           0           0           0           0           0           0
05/10/2020 03:00           0           0           0           0           0           0
05/10/2020 04:00           0           0           0           0           0           0
05/10/2020 05:00           0           0           0           0           0           0
05/10/2020 06:00           0           0           0           0           0           0
05/10/2020 07:00           0           0           0           0           0           0
05/10/2020 08:00           0           0           0           0           0          39
05/10/2020 09:00          26          57         163         248         392         303
05/10/2020 10:00         313         259         371         493         877        1070
05/10/2020 11:00        1046        1671        1362         785         681         912
05/10/2020 12:00         801        1033         930         604         465         525
05/10/2020 13:00         596         575         566         767         536         604
05/10/2020 14:00         510         584         545         591         548         618
05/10/2020 15:00         585         393         305         356         391         300
05/10/2020 16:00         354         520         611         616         610         501
05/10/2020 17:00         559         537         478         229         204         216
05/10/2020 18:00         132          11           0           0           0           0
05/10/2020 19:00           0           0           0           0           0           0
05/10/2020 20:00           0           0           0           0           0           0
05/10/2020 21:00           0           0           0           0           0           0
05/10/2020 22:00           0           0           0           0           0           0
05/10/2020 23:00           0           0           0           0           0           0
06/10/2020 00:00           0           0           0           0           0           0
06/10/2020 01:00           0           0           0           0           0           0
06/10/2020 02:00           0           0           0           0           0           0
06/10/2020 03:00           0           0           0           0           0           0
06/10/2020 04:00           0           0           0           0           0           0
06/10/2020 05:00           0           0           0           0           0           0
06/10/2020 06:00           0           0           0           0           0           0
06/10/2020 07:00           0           0           0           0           0           0
06/10/2020 08:00           0           0           0          40         162         277
06/10/2020 09:00         565         890         359         462         817        1044
06/10/2020 10:00         817         886         511         620         891        1096
06/10/2020 11:00        1000        1883        3523        4626        3321        1808
06/10/2020 12:00        1820        1901        1395        1585         927         786
06/10/2020 13:00        1821        2236        1633        1776        2608        1877
06/10/2020 14:00        1962        3391        1993        2515        2657         804
06/10/2020 15:00        2685        2778        4250        1709         324         902
06/10/2020 16:00        1241        1501        1298         644         405         338
06/10/2020 17:00         333         292         233         275         265         324
06/10/2020 18:00         231         216         136          31           0           0
06/10/2020 19:00           0           0           0           0           0           0
06/10/2020 20:00           0           0           0           0           0           0
06/10/2020 21:00           0           0           0           0           0           0
06/10/2020 22:00           0           0           0           0           0           0
06/10/2020 23:00           0           0           0           0           0           0
07/10/2020 00:00           0           0           0           0           0           0
07/10/2020 01:00           0           0           0           0           0           0
07/10/2020 02:00           0           0           0           0           0           0
07/10/2020 03:00           0           0           0           0           0           0
07/10/2020 04:00           0           0           0           0           0           0
07/10/2020 05:00           0           0           0           0           0           0
07/10/2020 06:00           0           0           0           0           0           0
07/10/2020 07:00           0           0           0           0           0           0
07/10/2020 08:00           0          62         227         329         401         340
07/10/2020 09:00         546         879         877        1213        1068         639
07/10/2020 10:00         616         508        1269        1375        1145        1505
07/10/2020 11:00        2285        2287        1646        1828        1520        2194
07/10/2020 12:00        2420        3314        4617        3361        3415        3049
07/10/2020 13:00        1365        2046        1903        3691        2905        4585
07/10/2020 14:00        4941        4245        1926        1654        1150        1538
07/10/2020 15:00        3141        2072        2799        2761        1732        2418
07/10/2020 16:00        3224        4392        2274        3131        1571         851
07/10/2020 17:00        1211        1383        1391         654         641         667
07/10/2020 18:00         575         511         342         220         113          30
07/10/2020 19:00           0           0           0           0           0           0
07/10/2020 20:00           0           0           0           0           0           0
07/10/2020 21:00           0           0           0           0           0           0
07/10/2020 22:00           0           0           0           0           0           0
07/10/2020 23:00           0           0           0           0           0           0
08/10/2020 00:00           0           0           0           0           0           0
08/10/2020 01:00           0           0           0           0           0           0
08/10/2020 02:00           0           0           0           0           0           0
08/10/2020 03:00           0           0           0           0           0           0
08/10/2020 04:00           0           0           0           0           0           0
08/10/2020 05:00           0           0           0           0           0           0
08/10/2020 06:00           0           0           0           0           0           0
08/10/2020 07:00           0           0           0           0           0           0
08/10/2020 08:00           0           0           0           0          35         191
08/10/2020 09:00         208         349         590         856        1167         963
08/10/2020 10:00        1499        1757        1234        1350        1324        1535
08/10/2020 11:00        4023        3480        3927        2514        1608        1885
08/10/2020 12:00        1074         999        1128         925        1061        1327
08/10/2020 13:00        1204        1219         902         585         719         832
08/10/2020 14:00         621         748        1650        1730        1844        2485
08/10/2020 15:00        1457        1021        1154        1335        1346        1515
08/10/2020 16:00        1196        1216         955         793        1133        1182
08/10/2020 17:00         906         309         235         754         882         670
08/10/2020 18:00         400         173         130         134          70           3
08/10/2020 19:00           0           0           0           0           0           0
08/10/2020 20:00           0           0           0           0           0           0
08/10/2020 21:00           0           0           0           0           0           0
08/10/2020 22:00           0           0           0           0           0           0
08/10/2020 23:00           0           0           0           0           0           0
09/10/2020 00:00           0           0           0           0           0           0
09/10/2020 01:00           0           0           0           0           0           0
09/10/2020 02:00           0           0           0           0           0           0
09/10/2020 03:00           0           0           0           0           0           0
09/10/2020 04:00           0           0           0           0           0           0
09/10/2020 05:00           0           0           0           0           0           0
09/10/2020 06:00           0           0           0           0           0           0
09/10/2020 07:00           0           0           0           0           0           0
09/10/2020 08:00           0           0           0           0           0           0
09/10/2020 09:00           0           0           0          76         230         388
09/10/2020 10:00         310         374         943        1081        1512        1220
09/10/2020 11:00         846         599         554         370         628        1103
09/10/2020 12:00        1059        1407        1662        1763        2203        2210
09/10/2020 13:00        1403         634         918        1492        1995        2005
09/10/2020 14:00        2186        1760        1315        1167        1355        1577
09/10/2020 15:00        2415        2145        3541        4905        1190        1190
09/10/2020 16:00        1499        2618        1487        1319        1725        1285
09/10/2020 17:00        2478        1650        1145        1297        1257        1085
09/10/2020 18:00         776         246         149          10           0           0
09/10/2020 19:00           0           0           0           0           0           0
09/10/2020 20:00           0           0           0           0           0           0
09/10/2020 21:00           0           0           0           0           0           0
09/10/2020 22:00           0           0           0           0           0           0
09/10/2020 23:00           0           0           0           0           0           0
10/10/2020 00:00           0           0           0           0           0           0
10/10/2020 01:00           0           0           0           0           0           0
10/10/2020 02:00           0           0           0           0           0           0
10/10/2020 03:00           0           0           0           0           0           0
10/10/2020 04:00           0           0           0           0           0           0
10/10/2020 05:00           0           0           0           0           0           0
10/10/2020 06:00           0           0           0           0           0           0
10/10/2020 07:00           0           0           0           0           0           0
10/10/2020 08:00           0           0          32         252         316         750
10/10/2020 09:00        1115        1435        1772        2096        2398        2689
10/10/2020 10:00        2968        3085        3474        3728        3958        3854
10/10/2020 11:00        2822        3465        3572        4722        5168        4832
10/10/2020 12:00        4882        3513        4050        5408        4633        3042
10/10/2020 13:00        3754        5259        4352        1548        2430        2256
10/10/2020 14:00        3483        5569        5377        5023        1645        2313
10/10/2020 15:00        1316        2898        5174        4257        2217        1913
10/10/2020 16:00        3509        3391        2129        3516        3394        2454
10/10/2020 17:00        1630        1194         551         366         238         160
10/10/2020 18:00         628         312         195         199         104          13
10/10/2020 19:00           0           0           0           0           0           0
10/10/2020 20:00           0           0           0           0           0           0
10/10/2020 21:00           0           0           0           0           0           0
10/10/2020 22:00           0           0           0           0           0           0
10/10/2020 23:00           0           0           0           0           0           0
11/10/2020 00:00           0           0           0           0           0           0
11/10/2020 01:00           0           0           0           0           0           0
11/10/2020 02:00           0           0           0           0           0           0
11/10/2020 03:00           0           0           0           0           0           0
11/10/2020 04:00           0           0           0           0           0           0
11/10/2020 05:00           0           0           0           0           0           0
11/10/2020 06:00           0           0           0           0           0           0
11/10/2020 07:00           0           0           0           0           0           0
11/10/2020 08:00           0           0          63         235         265         191
11/10/2020 09:00         648         940        1202        1472        1646        1838
11/10/2020 10:00        2105        1819        2013        2744        3241        1996
11/10/2020 11:00        3345        2954        2963        2683        3761        3933
11/10/2020 12:00        3210        2392        1545        2655        3505        3524
11/10/2020 13:00        3552        3497        3782        1566        1734        2666
11/10/2020 14:00        3610        3767        1747        2748        2884        1097
11/10/2020 15:00        2655        1095         426         809         699        1069
11/10/2020 16:00         766        1520        2803        2552        2161        1576
11/10/2020 17:00        1418        1718         780         309         214         211
11/10/2020 18:00         249         185         291         175          70           0
11/10/2020 19:00           0           0           0           0           0           0
11/10/2020 20:00           0           0           0           0           0           0
11/10/2020 21:00           0           0           0           0           0           0
11/10/2020 22:00           0           0           0           0           0           0
11/10/2020 23:00           0           0           0           0           0           0
12/10/2020 00:00           0           0           0           0           0           0
12/10/2020 01:00           0           0           0           0           0           0
12/10/2020 02:00           0           0           0           0           0           0
12/10/2020 03:00           0           0           0           0           0           0
12/10/2020 04:00           0           0           0           0           0           0
12/10/2020 05:00           0           0           0           0           0           0
12/10/2020 06:00           0           0           0           0           0           0
12/10/2020 07:00           0           0           0           0           0           0
12/10/2020 08:00           0           7         124         293         318         631
12/10/2020 09:00         630         728        1148        1104        1276        1658
12/10/2020 10:00         746         654         479         904        1442        2240
12/10/2020 11:00        1698        1334        4113        4886        4040        2159
12/10/2020 12:00        3216        3078        2377        2245        2063        3072
12/10/2020 13:00        3449        3044        3064        2785        2227        2807
12/10/2020 14:00        3178        3242        2074        2388        2211        3406
12/10/2020 15:00        3244        2272        2540        1867        1856        1387
12/10/2020 16:00         912         930         799         833         869         667
12/10/2020 17:00         579         507         374         326         176          48
12/10/2020 18:00          39           0          32           6           0           0
12/10/2020 19:00           0           0           0           0           0           0
12/10/2020 20:00           0           0           0           0           0           0
12/10/2020 21:00           0           0           0           0           0           0
12/10/2020 22:00           0           0           0           0           0           0
12/10/2020 23:00           0           0           0           0           0           0
13/10/2020 00:00           0           0           0           0           0           0
13/10/2020 01:00           0           0           0           0           0           0
13/10/2020 02:00           0           0           0           0           0           0
13/10/2020 03:00           0           0           0           0           0           0
13/10/2020 04:00           0           0           0           0           0           0
13/10/2020 05:00           0           0           0           0           0           0
13/10/2020 06:00           0           0           0           0           0           0
13/10/2020 07:00           0           0           0           0           0           0
13/10/2020 08:00           0           0           0           0           0           0
13/10/2020 09:00          48          74          58          60         209         304
13/10/2020 10:00         265         362         894         600         324         401
13/10/2020 11:00         480         810         749         670         623         529
13/10/2020 12:00         696         761         774         967        1085         944
13/10/2020 13:00         714         566        1062         917        1624        2148
13/10/2020 14:00        1860        1297        1193        1320        1208        1667
13/10/2020 15:00        2800        1765        2308        3348        1199        1705
13/10/2020 16:00        1340        1641        1948        2217        2430         860
13/10/2020 17:00         897        2361         594         282         498         770
13/10/2020 18:00         421         113           0           0           0           0
13/10/2020 19:00           0           0           0           0           0           0
13/10/2020 20:00           0           0           0           0           0           0
13/10/2020 21:00           0           0           0           0           0           0
13/10/2020 22:00           0           0           0           0           0           0
13/10/2020 23:00           0           0           0           0           0           0
14/10/2020 00:00           0           0           0           0           0           0
14/10/2020 01:00           0           0           0           0           0           0
14/10/2020 02:00           0           0           0           0           0           0
14/10/2020 03:00           0           0           0           0           0           0
14/10/2020 04:00           0           0           0           0           0           0
14/10/2020 05:00           0           0           0           0           0           0
14/10/2020 06:00           0           0           0           0           0           0
14/10/2020 07:00           0           0           0           0           0           0
14/10/2020 08:00           0           0           0           0           0           7
14/10/2020 09:00          75         136         273         572         703         906
14/10/2020 10:00        1031        1387        1707        1679        1566        2190
14/10/2020 11:00        2622        2177        2210        2347        3055        3109
14/10/2020 12:00        3260        2364        2235        2584        3108        2199
14/10/2020 13:00        3137        4223        4838        5419        5099        4585
14/10/2020 14:00        4733        4035        4056        3059        3298        4057
14/10/2020 15:00        4377        1959        2229        3622         711        1345
14/10/2020 16:00        1932        2507        3541        1554        3151        2923
14/10/2020 17:00        1786        1922        2068         809         483         679
14/10/2020 18:00         814         515         324         196          38           0
14/10/2020 19:00           0           0           0           0           0           0
14/10/2020 20:00           0           0           0           0           0           0
14/10/2020 21:00           0           0           0           0           0           0
14/10/2020 22:00           0           0           0           0           0           0
14/10/2020 23:00           0           0           0           0           0           0
15/10/2020 00:00           0           0           0           0           0           0
15/10/2020 01:00           0           0           0           0           0           0
15/10/2020 02:00           0           0           0           0           0           0
15/10/2020 03:00           0           0           0           0           0           0
15/10/2020 04:00           0           0           0           0           0           0
15/10/2020 05:00           0           0           0           0           0           0
15/10/2020 06:00           0           0           0           0           0           0
15/10/2020 07:00           0           0           0           0           0           0
15/10/2020 08:00           0           0           0           0          25         275
15/10/2020 09:00         373         450         471         613         573         708
15/10/2020 10:00        1151        1524        2040        2602        2406        2012
15/10/2020 11:00        1464         883         689         637         722        1654
15/10/2020 12:00        1653        1568        1840        1968        3245        2650
15/10/2020 13:00        2722        3174        4407        1952        2735        1572
15/10/2020 14:00        4011        3378        2718        3620        4284        2728
15/10/2020 15:00        2120        3250        2110        3302        3054        2901
15/10/2020 16:00        1713         813         938        2522        2572        2342
15/10/2020 17:00        1356        1284         803         293         254          89
15/10/2020 18:00           0           0           0           0           0           0
15/10/2020 19:00           0           0           0           0           0           0
15/10/2020 20:00           0           0           0           0           0           0
15/10/2020 21:00           0           0           0           0           0           0
15/10/2020 22:00           0           0           0           0           0           0
15/10/2020 23:00           0           0           0           0           0           0
16/10/2020 00:00           0           0           0           0           0           0
16/10/2020 01:00           0           0           0           0           0           0
16/10/2020 02:00           0           0           0           0           0           0
16/10/2020 03:00           0           0           0           0           0           0
16/10/2020 04:00           0           0           0           0           0           0
16/10/2020 05:00           0           0           0           0           0           0
16/10/2020 06:00           0           0           0           0           0           0
16/10/2020 07:00           0           0           0           0           0           0
16/10/2020 08:00           0           0           0           1          42           0
16/10/2020 09:00           6          82         139         237         313         358
16/10/2020 10:00         436         798        1148        1429        2144        1988
16/10/2020 11:00        1822         948        1500        2066        2748        4300
16/10/2020 12:00        4666        4170        2862        3512        4268        5073
16/10/2020 13:00        3949        5413        4588        4576        5506        4198
16/10/2020 14:00        2915        1278        3084        2239        2080        2488
16/10/2020 15:00        2180        1772        1988        1260         858        1328
16/10/2020 16:00        1373        1304        1357        1189        1867         538
16/10/2020 17:00         521         530         388         277         243         202
16/10/2020 18:00         261         199         132          35           0           0
16/10/2020 19:00           0           0           0           0           0           0
16/10/2020 20:00           0           0           0           0           0           0
16/10/2020 21:00           0           0           0           0           0           0
16/10/2020 22:00           0           0           0           0           0           0
16/10/2020 23:00           0           0           0           0           0           0
17/10/2020 00:00           0           0           0           0           0           0
17/10/2020 01:00           0           0           0           0           0           0
17/10/2020 02:00           0           0           0           0           0           0
17/10/2020 03:00           0           0           0           0           0           0
17/10/2020 04:00           0           0           0           0           0           0
17/10/2020 05:00           0           0           0           0           0           0
17/10/2020 06:00           0           0           0           0           0           0
17/10/2020 07:00           0           0           0           0           0           0
17/10/2020 08:00           0           0           0           0           0           0
17/10/2020 09:00          22          62         132         184         268         346
17/10/2020 10:00         389         456         507         618         772        1107
17/10/2020 11:00        1422        1380        1427        1685        1741        1617
17/10/2020 12:00        1452        1506        1415        1887        2168        1810
17/10/2020 13:00        2174        1487         536         813        1314        1065
17/10/2020 14:00         857         968        1163        1631        2128        2221
17/10/2020 15:00        2206        1927        1558        1619        1372         885
17/10/2020 16:00        1305        1834        1673        1557        1425        1394
17/10/2020 17:00        1392         850        1154         615         373         196
17/10/2020 18:00         111          27           0           0           0           0
17/10/2020 19:00           0           0           0           0           0           0
17/10/2020 20:00           0           0           0           0           0           0
17/10/2020 21:00           0           0           0           0           0           0
17/10/2020 22:00           0           0           0           0           0           0
17/10/2020 23:00           0           0           0           0           0           0
18/10/2020 00:00           0           0           0           0           0           0
18/10/2020 01:00           0           0           0           0           0           0
18/10/2020 02:00           0           0           0           0           0           0
18/10/2020 03:00           0           0           0           0           0           0
18/10/2020 04:00           0           0           0           0           0           0
18/10/2020 05:00           0           0           0           0           0           0
18/10/2020 06:00           0           0           0           0           0           0
18/10/2020 07:00           0           0           0           0           0           0
18/10/2020 08:00           0           0           0           0          19          50
18/10/2020 09:00         305         400         409         392         418         712
18/10/2020 10:00        1446        2399        1822        2715        3098        2174
18/10/2020 11:00        1966        3581        2956        3260        1898        1271
18/10/2020 12:00        1156        4629        5537        5022        5250        5084
18/10/2020 13:00        4065        4399        2375        1193        1330        1959
18/10/2020 14:00        1386        1712        1933        1486        1473        4414
18/10/2020 15:00        4235        2975        1766        1648         805         789
18/10/2020 16:00        1707        2934        1690        1986        1179        1015
18/10/2020 17:00        1243        1687        1126         699         448         328
18/10/2020 18:00         244         230         164          32           0           0
18/10/2020 19:00           0           0           0           0           0           0
18/10/2020 20:00           0           0           0           0           0           0
18/10/2020 21:00           0           0           0           0           0           0
18/10/2020 22:00           0           0           0           0           0           0
18/10/2020 23:00           0           0           0           0           0           0
19/10/2020 00:00           0           0           0           0           0           0
19/10/2020 01:00           0           0           0           0           0           0
19/10/2020 02:00           0           0           0           0           0           0
19/10/2020 03:00           0           0           0           0           0           0
19/10/2020 04:00           0           0           0           0           0           0
19/10/2020 05:00           0           0           0           0           0           0
19/10/2020 06:00           0           0           0           0           0           0
19/10/2020 07:00           0           0           0           0           0           0
19/10/2020 08:00           0           0           0          48         184         308
19/10/2020 09:00         471         841        1080        1401        1776        2203
19/10/2020 10:00        2474        2276        2283        2420        2560        3402
19/10/2020 11:00        3179        3303        3800        3797        3992        3857
19/10/2020 12:00        3469        3543        3852        4819        3915        4623
19/10/2020 13:00        5139        4065        3212        2636        2665        3204
19/10/2020 14:00        2916        4401        4209        3161        3462        3516
19/10/2020 15:00        3245        3317        2129        2183        2660        1653
19/10/2020 16:00        2443        3457        1585        1469        1032        1605
19/10/2020 17:00        1703        1315         822         597         821         941
19/10/2020 18:00         433         220          79           0           0           0
19/10/2020 19:00           0           0           0           0           0           0
19/10/2020 20:00           0           0           0           0           0           0
19/10/2020 21:00           0           0           0           0           0           0
19/10/2020 22:00           0           0           0           0           0           0
19/10/2020 23:00           0           0           0           0           0           0
20/10/2020 00:00           0           0           0           0           0           0
20/10/2020 01:00           0           0           0           0           0           0
20/10/2020 02:00           0           0           0           0           0           0
20/10/2020 03:00           0           0           0           0           0           0
20/10/2020 04:00           0           0           0           0           0           0
20/10/2020 05:00           0           0           0           0           0           0
20/10/2020 06:00           0           0           0           0           0           0
20/10/2020 07:00           0           0           0           0           0           0
20/10/2020 08:00           0           0           0           0           0           0
20/10/2020 09:00           0           0           0          48         151         188
20/10/2020 10:00         272         354         425         332         378         386
20/10/2020 11:00         437         454         539         582         574         672
20/10/2020 12:00         780         963         752         722         434         332
20/10/2020 13:00         332         362         427         651         753         694
20/10/2020 14:00         500         390         386         450         321         340
20/10/2020 15:00         542         303         280         197         323         358
20/10/2020 16:00         299         413         376         259         206         234
20/10/2020 17:00         217         203         139          84          34           0
20/10/2020 18:00           0           0           0           0           0           0
20/10/2020 19:00           0           0           0           0           0           0
20/10/2020 20:00           0           0           0           0           0           0
20/10/2020 21:00           0           0           0           0           0           0
20/10/2020 22:00           0           0           0           0           0           0
20/10/2020 23:00           0           0           0           0           0           0
21/10/2020 00:00           0           0           0           0           0           0
21/10/2020 01:00           0           0           0           0           0           0
21/10/2020 02:00           0           0           0           0           0           0
21/10/2020 03:00           0           0           0           0           0           0
21/10/2020 04:00           0           0           0           0           0           0
21/10/2020 05:00           0           0           0           0           0           0
21/10/2020 06:00           0           0           0           0           0           0
21/10/2020 07:00           0           0           0           0           0           0
21/10/2020 08:00           0           0           0           0           0           0
21/10/2020 09:00           0          69         114         246         187         318
21/10/2020 10:00        1096        1388        2892        2651        2452        3175
21/10/2020 11:00        3434        3221        1094         603         627        1093
21/10/2020 12:00        1307        1384        2298        4727        4707        4911
21/10/2020 13:00        5109        2574        1654        1946        2201        3135
21/10/2020 14:00        2654        2962        2936        2703        1956        2359
21/10/2020 15:00        1818        1135        1266        2102        2755        1644
21/10/2020 16:00        1564         713        1864        2457        1670         733
21/10/2020 17:00         674        1033         611         665         561         209
21/10/2020 18:00          67           6           0           0           0           0
21/10/2020 19:00           0           0           0           0           0           0
21/10/2020 20:00           0           0           0           0           0           0
21/10/2020 21:00           0           0           0           0           0           0
21/10/2020 22:00           0           0           0           0           0           0
21/10/2020 23:00           0           0           0           0           0           0
22/10/2020 00:00           0           0           0           0           0           0
22/10/2020 01:00           0           0           0           0           0           0
22/10/2020 02:00           0           0           0           0           0           0
22/10/2020 03:00           0           0           0           0           0           0
22/10/2020 04:00           0           0           0           0           0           0
22/10/2020 05:00           0           0           0           0           0           0
22/10/2020 06:00           0           0           0           0           0           0
22/10/2020 07:00           0           0           0           0           0           0
22/10/2020 08:00           0           0           0           0           0          55
22/10/2020 09:00         393         863         858         438         847         540
22/10/2020 10:00        1390        1172         925         928        1037        1203
22/10/2020 11:00        1321        2473        2251        3856        2911        3347
22/10/2020 12:00        4022        4602        4621        3728        3486        3947
22/10/2020 13:00        4231        3201        4434        3645        2819        2889
22/10/2020 14:00        1798        2677        1530        1158        1096        1240
22/10/2020 15:00         663         746         885         812         731         779
22/10/2020 16:00         545         666         420         533         457         446
22/10/2020 17:00         490         500         595         441         229          96
22/10/2020 18:00          13           0           0           0           0           0
22/10/2020 19:00           0           0           0           0           0           0
22/10/2020 20:00           0           0           0           0           0           0
22/10/2020 21:00           0           0           0           0           0           0
22/10/2020 22:00           0           0           0           0           0           0
22/10/2020 23:00           0           0           0           0           0           0
23/10/2020 00:00           0           0           0           0           0           0
23/10/2020 01:00           0           0           0           0           0           0
23/10/2020 02:00           0           0           0           0           0           0
23/10/2020 03:00           0           0           0           0           0           0
23/10/2020 04:00           0           0           0           0           0           0
23/10/2020 05:00           0           0           0           0           0           0
23/10/2020 06:00           0           0           0           0           0           0
23/10/2020 07:00           0           0           0           0           0           0
23/10/2020 08:00           0           0           0           0           0           0
23/10/2020 09:00           0          21         183         357         223         344
23/10/2020 10:00         297         226         421         327         311         511
23/10/2020 11:00         335         487         549         444         285         820
23/10/2020 12:00        2340        1700         823        2058        1438        1543
23/10/2020 13:00        2343        1573        1076        1269         872        3869
23/10/2020 14:00        4621        3581        2974        4213        4622        2725
23/10/2020 15:00        1467        2813        2226         702        1525        1842
23/10/2020 16:00        3387        1284         770        2176        2259        2443
23/10/2020 17:00        2030        1269         440         376         675         383
23/10/2020 18:00         203          19           0           0           0           0
23/10/2020 19:00           0           0           0           0           0           0
23/10/2020 20:00           0           0           0           0           0           0
23/10/2020 21:00           0           0           0           0           0           0
23/10/2020 22:00           0           0           0           0           0           0
23/10/2020 23:00           0           0           0           0           0           0
24/10/2020 00:00           0           0           0           0           0           0
24/10/2020 01:00           0           0           0           0           0           0
24/10/2020 02:00           0           0           0           0           0           0
24/10/2020 03:00           0           0           0           0           0           0
24/10/2020 04:00           0           0           0           0           0           0
24/10/2020 05:00           0           0           0           0           0           0
24/10/2020 06:00           0           0           0           0           0           0
24/10/2020 07:00           0           0           0           0           0           0
24/10/2020 08:00           0           0           0           0           0           0
24/10/2020 09:00          11         176         186         103          13         124
24/10/2020 10:00         317         584         624         499         581         713
24/10/2020 11:00        1029         675         610         851         759         958
24/10/2020 12:00         693         829        1891        1686        1660        1067
24/10/2020 13:00         820         925        1019         780         853         928
24/10/2020 14:00         900         839         695        1554        1397         443
24/10/2020 15:00         789         499         404         348         539         499
24/10/2020 16:00         503         422         399         260         196         392
24/10/2020 17:00         285         136          61          38          35           0
24/10/2020 18:00           0           0           0           0           0           0
24/10/2020 19:00           0           0           0           0           0           0
24/10/2020 20:00           0           0           0           0           0           0
24/10/2020 21:00           0           0           0           0           0           0
24/10/2020 22:00           0           0           0           0           0           0
24/10/2020 23:00           0           0           0           0           0           0
25/10/2020 00:00           0           0           0           0           0           0
25/10/2020 01:00           0           0           0           0           0           0
25/10/2020 02:00           0           0           0           0           0           0
25/10/2020 02:00           0           0           0           0           0           0
25/10/2020 03:00           0           0           0           0           0           0
25/10/2020 04:00           0           0           0           0           0           0
25/10/2020 05:00           0           0           0           0           0           0
25/10/2020 06:00           0           0           0           0           0           0
25/10/2020 07:00           0           0           0           0           0           0
25/10/2020 08:00           0           0           0           0           0           0
25/10/2020 09:00           0         137         117           0           0          34
25/10/2020 10:00          83          77         423         489         275         184
25/10/2020 11:00         357         543         590         725         748         305
25/10/2020 12:00         248         408         675        1015         711         515
25/10/2020 13:00        1032         751         531         400         351         408
25/10/2020 14:00         309         326         212         255         283         302
25/10/2020 15:00         317         336         247         149         453         252
25/10/2020 16:00         317         340         331         682         418         551
25/10/2020 17:00         380         271         302         305         124          14
25/10/2020 18:00          14           0           0           0           0           0
25/10/2020 19:00           0           0           0           0           0           0
25/10/2020 20:00           0           0           0           0           0           0
25/10/2020 21:00           0           0           0           0           0           0
25/10/2020 22:00           0           0           0           0           0           0
25/10/2020 23:00           0           0           0           0           0           0
26/10/2020 00:00           0           0           0           0           0           0
26/10/2020 01:00           0           0           0           0           0           0
26/10/2020 02:00           0           0           0           0           0           0
26/10/2020 03:00           0           0           0           0           0           0
26/10/2020 04:00           0           0           0           0           0           0
26/10/2020 05:00           0           0           0           0           0           0
26/10/2020 06:00           0           0           0           0           0           0
26/10/2020 07:00           0           0           0           0           0           0
26/10/2020 08:00           0           0           0           0           0         168
26/10/2020 09:00         426         625         864        1155        1479        1786
26/10/2020 10:00        2081        2384        2721        3014        3276        3496
26/10/2020 11:00        3689        3891        4073        4234        4405        4444
26/10/2020 12:00        4658        4761        4103        4034        4904        4699
26/10/2020 13:00        4586        4609        5006        2969        2367        4322
26/10/2020 14:00        1873        2497        1825        3869        2542        2063
26/10/2020 15:00        2958        1607         554        1696         915         669
26/10/2020 16:00         622         855        1275         863        2145        1119
26/10/2020 17:00         733        1199         578         590         689         197
26/10/2020 18:00          48           0           0           0           0           0
26/10/2020 19:00           0           0           0           0           0           0
26/10/2020 20:00           0           0           0           0           0           0
26/10/2020 21:00           0           0           0           0           0           0
26/10/2020 22:00           0           0           0           0           0           0
26/10/2020 23:00           0           0           0           0           0           0
27/10/2020 00:00           0           0           0           0           0           0
27/10/2020 01:00           0           0           0           0           0           0
27/10/2020 02:00           0           0           0           0           0           0
27/10/2020 03:00           0           0           0           0           0           0
27/10/2020 04:00           0           0           0           0           0           0
27/10/2020 05:00           0           0           0           0           0           0
27/10/2020 06:00           0           0           0           0           0           0
27/10/2020 07:00           0           0           0           0           0           0
27/10/2020 08:00           0           0           0           0          45          23
27/10/2020 09:00         184         243         267         359         337         384
27/10/2020 10:00         504         492         437         801         715         827
27/10/2020 11:00        1002        1152        1243        1076         922        1223
27/10/2020 12:00        1946        2374        1101         948         833         812
27/10/2020 13:00        1135        1253        1673        1711        1863        1779
27/10/2020 14:00         921        1268        1317        1327        1021         907
27/10/2020 15:00         985         749         714         706         629         516
27/10/2020 16:00         450         470         273         222         314         345
27/10/2020 17:00         211         132          46           0           8           0
27/10/2020 18:00           0           0           0           0           0           0
27/10/2020 19:00           0           0           0           0           0           0
27/10/2020 20:00           0           0           0           0           0           0
27/10/2020 21:00           0           0           0           0           0           0
27/10/2020 22:00           0           0           0           0           0           0
27/10/2020 23:00           0           0           0           0           0           0
28/10/2020 00:00           0           0           0           0           0           0
28/10/2020 01:00           0           0           0           0           0           0
28/10/2020 02:00           0           0           0           0           0           0
28/10/2020 03:00           0           0           0           0           0           0
28/10/2020 04:00           0           0           0           0           0           0
28/10/2020 05:00           0           0           0           0           0           0
28/10/2020 06:00           0           0           0           0           0           0
28/10/2020 07:00           0           0           0           0           0           0
28/10/2020 08:00           0           0           0           0           0           0
28/10/2020 09:00         137         518         733         994        1357        1760
28/10/2020 10:00        1504        2173        2049        1830        1985        1727
28/10/2020 11:00        2660        3322        2272        1841        2831        1595
28/10/2020 12:00        2062        2102        1801        1853        1759        1244
28/10/2020 13:00         984         935         819         793         936         835
28/10/2020 14:00         955         791         729         832         919         840
28/10/2020 15:00        1068        1253        1129         788         671         555
28/10/2020 16:00         500         691         607         410         496         427
28/10/2020 17:00         473         327         173         156          27           4
28/10/2020 18:00           0           0           0           0           0           0
28/10/2020 19:00           0           0           0           0           0           0
28/10/2020 20:00           0           0           0           0           0           0
28/10/2020 21:00           0           0           0           0           0           0
28/10/2020 22:00           0           0           0           0           0           0
28/10/2020 23:00           0           0           0           0           0           0
29/10/2020 00:00           0           0           0           0           0           0
29/10/2020 01:00           0           0           0           0           0           0
29/10/2020 02:00           0           0           0           0           0           0
29/10/2020 03:00           0           0           0           0           0           0
29/10/2020 04:00           0           0           0           0           0           0
29/10/2020 05:00           0           0           0           0           0           0
29/10/2020 06:00           0           0           0           0           0           0
29/10/2020 07:00           0           0           0           0           0           0
29/10/2020 08:00           0           0           0           0           0           0
29/10/2020 09:00          53         118         155         215         234         397
29/10/2020 10:00         496         487         455         498         568         569
29/10/2020 11:00         545         701         793         805         795         906
29/10/2020 12:00         940        1329        1397        1390        1489        1811
29/10/2020 13:00        1280        1293        1636        1277        1200        1302
29/10/2020 14:00        1515        1340        1106         624         388         434
29/10/2020 15:00         317         258         447         476         560         671
29/10/2020 16:00         641         560         723         599         506         308
29/10/2020 17:00         230         317         125          71          68          47
29/10/2020 18:00          16           0           0           0           0           0
29/10/2020 19:00           0           0           0           0           0           0
29/10/2020 20:00           0           0           0           0           0           0
29/10/2020 21:00           0           0           0           0           0           0
29/10/2020 22:00           0           0           0           0           0           0
29/10/2020 23:00           0           0           0           0           0           0
30/10/2020 00:00           0           0           0           0           0           0
30/10/2020 01:00           0           0           0           0           0           0
30/10/2020 02:00           0           0           0           0           0           0
30/10/2020 03:00           0           0           0           0           0           0
30/10/2020 04:00           0           0           0           0           0           0
30/10/2020 05:00           0           0           0           0           0           0
30/10/2020 06:00           0           0           0           0           0           0
30/10/2020 07:00           0           0           0           0           0           0
30/10/2020 08:00           0           0           0           0           0           0
30/10/2020 09:00          15          66          85         136         284         274
30/10/2020 10:00         352         422         577         665         767         769
30/10/2020 11:00         698         708         745         814        1099         972
30/10/2020 12:00        1095        1183        1402        1124        1051         774
30/10/2020 13:00         645         877        1291        1118         970        1087
30/10/2020 14:00        1146         940         640         737         886        1154
30/10/2020 15:00        1322        1333        1208        1193        1152         938
30/10/2020 16:00         718         691         469         335         318         402
30/10/2020 17:00         437         363         213          44          43           5
30/10/2020 18:00           0           0           0           0           0           0
30/10/2020 19:00           0           0           0           0           0           0
30/10/2020 20:00           0           0           0           0           0           0
30/10/2020 21:00           0           0           0           0           0           0
30/10/2020 22:00           0           0           0           0           0           0
30/10/2020 23:00           0           0           0           0           0           0
31/10/2020 00:00           0           0           0           0           0           0
31/10/2020 01:00           0           0           0           0           0           0
31/10/2020 02:00           0           0           0           0           0           0
31/10/2020 03:00           0           0           0           0           0           0
31/10/2020 04:00           0           0           0           0           0           0
31/10/2020 05:00           0           0           0           0           0           0
31/10/2020 06:00           0           0           0           0           0           0
31/10/2020 07:00           0           0           0           0           0           0
31/10/2020 08:00           0           0           0           0           7         157
31/10/2020 09:00         302         462         641         835        1055        1351
31/10/2020 10:00        1646        1920        2194        2485        2796        3058
31/10/2020 11:00        3300        3534        3703        3842        3984        4079
31/10/2020 12:00        4471        4188        4080        4660        4667        4712
31/10/2020 13:00        4735        4778        4751        4775        4565        4718
31/10/2020 14:00        3900        3623        3348        3750        4341        4109
31/10/2020 15:00        4137        3655        2250        1517        1318        1016
31/10/2020 16:00         868         665         444         308         355         570
31/10/2020 17:00         404         233          19           0           0           0
31/10/2020 18:00           0           0           0           0           0           0
31/10/2020 19:00           0           0           0           0           0           0
31/10/2020 20:00           0           0           0           0           0           0
31/10/2020 21:00           0           0           0           0           0           0
31/10/2020 22:00           0           0           0           0           0           0
31/10/2020 23:00           0           0           0           0           0           0
01/11/2020 00:00           0           0           0           0           0           0
01/11/2020 01:00           0           0           0           0           0           0
