01/03/2021 02:00           0           0           0           0           0           0
01/03/2021 03:00           0           0           0           0           0           0
01/03/2021 04:00           0           0           0           0           0           0
01/03/2021 05:00           0           0           0           0           0           0
01/03/2021 06:00           0           0           0           0           0           0
01/03/2021 07:00           0           0           0           0          53         259
01/03/2021 08:00         447         685         936        1215        1516        1854
01/03/2021 09:00        2156        2475        2764        3052        3324        3606
01/03/2021 10:00        3860        4106        4342        4548        4743        4916
01/03/2021 11:00        5053        5182        5275        5335        5407        5466
01/03/2021 12:00        5434        5516        5524        5532        5522        5505
01/03/2021 13:00        5450        5512        5501        5483        5448        5393
01/03/2021 14:00        5314        5273        5181        5068        4941        4793
01/03/2021 15:00        4624        4447        4235        3986        3792        3553
01/03/2021 16:00        3287        3027        2728        2406        2096        1809
01/03/2021 17:00        1530        1254         979         663         461         314
01/03/2021 18:00         190          40           0           0           0           0
01/03/2021 19:00           0           0           0           0           0           0
01/03/2021 20:00           0           0           0           0           0           0
01/03/2021 21:00           0           0           0           0           0           0
01/03/2021 22:00           0           0           0           0           0           0
01/03/2021 23:00           0           0           0           0           0           0
02/03/2021 00:00           0           0           0           0           0           0
02/03/2021 01:00           0           0           0           0           0           0
02/03/2021 02:00           0           0           0           0           0           0
02/03/2021 03:00           0           0           0           0           0           0
02/03/2021 04:00           0           0           0           0           0           0
02/03/2021 05:00           0           0           0           0           0           0
02/03/2021 06:00           0           0           0           0           0           0
02/03/2021 07:00           0           0           0           0          76         250
02/03/2021 08:00         424         647         890        1153        1430        1714
02/03/2021 09:00        2000        2259        2534        2775        3008        3257
02/03/2021 10:00        3437        3686        3903        4070        4223        4374
02/03/2021 11:00        4502        4639        4715        4774        4871        4972
02/03/2021 12:00        5026        5059        4990        5005        5120        5087
02/03/2021 13:00        5066        5046        5020        4952        4913        4876
02/03/2021 14:00        4797        4653        4549        4441        4306        4089
02/03/2021 15:00        3014        1452        1461        3343        3634        3022
02/03/2021 16:00        2617        2354        2181        1958        1699        1424
02/03/2021 17:00        1174         828         651         452         267         213
02/03/2021 18:00         110           0           0           0           0           0
02/03/2021 19:00           0           0           0           0           0           0
02/03/2021 20:00           0           0           0           0           0           0
02/03/2021 21:00           0           0           0           0           0           0
02/03/2021 22:00           0           0           0           0           0           0
02/03/2021 23:00           0           0           0           0           0           0
03/03/2021 00:00           0           0           0           0           0           0
03/03/2021 01:00           0           0           0           0           0           0
03/03/2021 02:00           0           0           0           0           0           0
03/03/2021 03:00           0           0           0           0           0           0
03/03/2021 04:00           0           0           0           0           0           0
03/03/2021 05:00           0           0           0           0           0           0
03/03/2021 06:00           0           0           0           0           0           0
03/03/2021 07:00           0           0           0           0           0           7
03/03/2021 08:00         140         242         361         544         766        1071
03/03/2021 09:00        1359        1764        2000        2255        2604        2870
03/03/2021 10:00        3176        3128        3409        3768        3950        3859
03/03/2021 11:00        3399        4289        4499        4675        4621        4325
03/03/2021 12:00        4904        2896        3446        4578        4867        4935
03/03/2021 13:00        4870        5037        4972        4472        4629        4785
03/03/2021 14:00        4702        4655        4457        4313        3830        1845
03/03/2021 15:00        1242        2468        2579        3847        2741        1606
03/03/2021 16:00        1240         988        1010         784         505         388
03/03/2021 17:00         628         536         424         332         258         209
03/03/2021 18:00          80           0           0           0           0           0
03/03/2021 19:00           0           0           0           0           0           0
03/03/2021 20:00           0           0           0           0           0           0
03/03/2021 21:00           0           0           0           0           0           0
03/03/2021 22:00           0           0           0           0           0           0
03/03/2021 23:00           0           0           0           0           0           0
04/03/2021 00:00           0           0           0           0           0           0
04/03/2021 01:00           0           0           0           0           0           0
04/03/2021 02:00           0           0           0           0           0           0
04/03/2021 03:00           0           0           0           0           0           0
04/03/2021 04:00           0           0           0           0           0           0
04/03/2021 05:00           0           0           0           0           0           0
04/03/2021 06:00           0           0           0           0           0           0
04/03/2021 07:00           0           0           0           0           0          28
04/03/2021 08:00          76         211         331         437         508         559
04/03/2021 09:00         740         859         975        1080        1189        1169
04/03/2021 10:00        1177        1196        1189        3847        4100        2406
04/03/2021 11:00        2944        4390        2516        2785        2465         464
04/03/2021 12:00         901        1257        1598        2210        2684        2128
04/03/2021 13:00        2071        1773        1637        1192         602        1314
04/03/2021 14:00        1462        1436        1472        1656        1595        1304
04/03/2021 15:00         860         577         687         737         583         365
04/03/2021 16:00         310         381         345         527         478         391
04/03/2021 17:00         479         218           2           0           0           0
04/03/2021 18:00           0           0           0           0           0           0
04/03/2021 19:00           0           0           0           0           0           0
04/03/2021 20:00           0           0           0           0           0           0
04/03/2021 21:00           0           0           0           0           0           0
04/03/2021 22:00           0           0           0           0           0           0
04/03/2021 23:00           0           0           0           0           0           0
05/03/2021 00:00           0           0           0           0           0           0
05/03/2021 01:00           0           0           0           0           0           0
05/03/2021 02:00           0           0           0           0           0           0
05/03/2021 03:00           0           0           0           0           0           0
05/03/2021 04:00           0           0           0           0           0           0
05/03/2021 05:00           0           0           0           0           0           0
05/03/2021 06:00           0           0           0           0           0           0
05/03/2021 07:00           0           0           0           0           0           0
05/03/2021 08:00           1          67         117         135         168         260
05/03/2021 09:00         262         260         269         305         302         316
05/03/2021 10:00         374         502         791         960        1050         963
05/03/2021 11:00         827        1283        1396        1812        1968        1909
05/03/2021 12:00        4288        2352        2141        2740        2416        1704
05/03/2021 13:00        1731        1530        1257        1697        1864        1434
05/03/2021 14:00        1337        1632        1684        1381        2704        2944
05/03/2021 15:00        1988        1427        1483        1255        1028         843
05/03/2021 16:00         890         911         877         652         568         540
05/03/2021 17:00         582         633         501         342         198          86
05/03/2021 18:00          40          14           0           0           0           0
05/03/2021 19:00           0           0           0           0           0           0
05/03/2021 20:00           0           0           0           0           0           0
05/03/2021 21:00           0           0           0           0           0           0
05/03/2021 22:00           0           0           0           0           0           0
05/03/2021 23:00           0           0           0           0           0           0
06/03/2021 00:00           0           0           0           0           0           0
06/03/2021 01:00           0           0           0           0           0           0
06/03/2021 02:00           0           0           0           0           0           0
06/03/2021 03:00           0           0           0           0           0           0
06/03/2021 04:00           0           0           0           0           0           0
06/03/2021 05:00           0           0           0           0           0           0
06/03/2021 06:00           0           0           0           0           0           0
06/03/2021 07:00           0           0           0          29         266         494
06/03/2021 08:00         736        1016        1325        1655        1992        2331
06/03/2021 09:00        2657        2976        3285        3576        3824        4118
06/03/2021 10:00        4381        4629        4858        5041        5193        5207
06/03/2021 11:00        5388        5499        5537        5560        5580        5594
06/03/2021 12:00        5573        5605        5604        5630        5581        5541
06/03/2021 13:00        5610        5188        5565        5530        5509        5497
06/03/2021 14:00        5446        5437        5407        5187        5134        5179
06/03/2021 15:00        4974        4885        4687        4448        4231        3962
06/03/2021 16:00        3697        3440        3160        2847        2531        2192
06/03/2021 17:00        1841        1533        1244         972         710         479
06/03/2021 18:00         298         167          27           0           0           0
06/03/2021 19:00           0           0           0           0           0           0
06/03/2021 20:00           0           0           0           0           0           0
06/03/2021 21:00           0           0           0           0           0           0
06/03/2021 22:00           0           0           0           0           0           0
06/03/2021 23:00           0           0           0           0           0           0
07/03/2021 00:00           0           0           0           0           0           0
07/03/2021 01:00           0           0           0           0           0           0
07/03/2021 02:00           0           0           0           0           0           0
07/03/2021 03:00           0           0           0           0           0           0
07/03/2021 04:00           0           0           0           0           0           0
07/03/2021 05:00           0           0           0           0           0           0
07/03/2021 06:00           0           0           0           0           0           0
07/03/2021 07:00           0           0           1         130         361         597
07/03/2021 08:00         865        1158        1459        1755        2059        2364
07/03/2021 09:00        2672        2971        3258        3524        3805        4064
07/03/2021 10:00        4313        4535        4738        4922        5083        5228
07/03/2021 11:00        5330        5444        5498        5562        5555        5572
07/03/2021 12:00        5579        5459        5584        5587        5424        5604
07/03/2021 13:00        5622        5592        5577        5602        5526        5521
07/03/2021 14:00        5518        5460        5425        5320        5184        5042
07/03/2021 15:00        4905        4768        4545        4332        4085        3858
07/03/2021 16:00        3578        3303        3071        2800        2498        2171
07/03/2021 17:00        1779        1450        1222         936         672         454
07/03/2021 18:00         298         182          44           0           0           0
07/03/2021 19:00           0           0           0           0           0           0
07/03/2021 20:00           0           0           0           0           0           0
07/03/2021 21:00           0           0           0           0           0           0
07/03/2021 22:00           0           0           0           0           0           0
07/03/2021 23:00           0           0           0           0           0           0
08/03/2021 00:00           0           0           0           0           0           0
08/03/2021 01:00           0           0           0           0           0           0
08/03/2021 02:00           0           0           0           0           0           0
08/03/2021 03:00           0           0           0           0           0           0
08/03/2021 04:00           0           0           0           0           0           0
08/03/2021 05:00           0           0           0           0           0           0
08/03/2021 06:00           0           0           0           0           0           0
08/03/2021 07:00           0           0           1         113         282         459
08/03/2021 08:00         671         911        1199        1492        1789        2000
08/03/2021 09:00        2394        2726        2933        3008        3094        3522
08/03/2021 10:00        3814        3789        3977        3832        4608        4317
08/03/2021 11:00        4421        5060        5231        5394        5540        5539
08/03/2021 12:00        5526        5552        5596        5607        5573        5551
08/03/2021 13:00        5552        5552        5372        5250        5367        5333
08/03/2021 14:00        5314        5234        5259        5163        5051        4891
08/03/2021 15:00        4663        4561        4292        4072        3912        3665
08/03/2021 16:00        3433        3142        2856        2602        2262        1958
08/03/2021 17:00        1658        1405        1163         916         653         468
08/03/2021 18:00         316         205          73           3           0           0
08/03/2021 19:00           0           0           0           0           0           0
08/03/2021 20:00           0           0           0           0           0           0
08/03/2021 21:00           0           0           0           0           0           0
08/03/2021 22:00           0           0           0           0           0           0
08/03/2021 23:00           0           0           0           0           0           0
09/03/2021 00:00           0           0           0           0           0           0
09/03/2021 01:00           0           0           0           0           0           0
09/03/2021 02:00           0           0           0           0           0           0
09/03/2021 03:00           0           0           0           0           0           0
09/03/2021 04:00           0           0           0           0           0           0
09/03/2021 05:00           0           0           0           0           0           0
09/03/2021 06:00           0           0           0           0           0           0
09/03/2021 07:00           0           0           0           1           0          52
09/03/2021 08:00         160         286         480         892        1749        2102
09/03/2021 09:00        2169        2477        3082        3060        3371        3406
09/03/2021 10:00        3840        4123        4511        4712        3557        4723
09/03/2021 11:00        3289        3161        2731        3977        3732        2212
09/03/2021 12:00        3025        4085        3427        2470        4699        5240
09/03/2021 13:00        5335        5279        5166        5560        5527        3664
09/03/2021 14:00        3493        3438        2821        3189        2496        2506
09/03/2021 15:00        1604        3960        3191        3271        2432        2089
09/03/2021 16:00        1427        1780        1647        1277        1379        1538
09/03/2021 17:00        1448        1012        1485        1002         689         558
09/03/2021 18:00         226         182          75           6           0           0
09/03/2021 19:00           0           0           0           0           0           0
09/03/2021 20:00           0           0           0           0           0           0
09/03/2021 21:00           0           0           0           0           0           0
09/03/2021 22:00           0           0           0           0           0           0
09/03/2021 23:00           0           0           0           0           0           0
10/03/2021 00:00           0           0           0           0           0           0
10/03/2021 01:00           0           0           0           0           0           0
10/03/2021 02:00           0           0           0           0           0           0
10/03/2021 03:00           0           0           0           0           0           0
10/03/2021 04:00           0           0           0           0           0           0
10/03/2021 05:00           0           0           0           0           0           0
10/03/2021 06:00           0           0           0           0           0           0
10/03/2021 07:00           0           0           0          26         123         206
10/03/2021 08:00         313         412         564         710         891        1114
10/03/2021 09:00        1507        1837        2420        2618        3106        3525
10/03/2021 10:00        3571        3766        3540        3195        2864        2709
10/03/2021 11:00        4580        3072        2569        2423        2500        3995
10/03/2021 12:00        5097        5116        4499        4236        3485        3279
10/03/2021 13:00        3683        3457        3953        3550        4729        4760
10/03/2021 14:00        3197        2392        2104        2230        2005        1652
10/03/2021 15:00        1405        1257         970        1051        1371        1170
10/03/2021 16:00         957         777         559         479         422         349
10/03/2021 17:00         266         214         190         117          66          21
10/03/2021 18:00           0           0           0           0           0           0
10/03/2021 19:00           0           0           0           0           0           0
10/03/2021 20:00           0           0           0           0           0           0
10/03/2021 21:00           0           0           0           0           0           0
10/03/2021 22:00           0           0           0           0           0           0
10/03/2021 23:00           0           0           0           0           0           0
11/03/2021 00:00           0           0           0           0           0           0
11/03/2021 01:00           0           0           0           0           0           0
11/03/2021 02:00           0           0           0           0           0           0
11/03/2021 03:00           0           0           0           0           0           0
11/03/2021 04:00           0           0           0           0           0           0
11/03/2021 05:00           0           0           0           0           0           0
11/03/2021 06:00           0           0           0           0           0           0
11/03/2021 07:00           0           0           0           0           0           0
11/03/2021 08:00           0          53           4          67         132         207
11/03/2021 09:00         204         342         589        1103        2712        4132
11/03/2021 10:00        4339        4600        4624        4938        5114        4281
11/03/2021 11:00        3469        1781        2661        3431        2206        2839
11/03/2021 12:00        3465        3088        3856        4183        4240        4373
11/03/2021 13:00        4523        5023        1984        1137        1043        1021
11/03/2021 14:00         952         266         268        1003        2377        3406
11/03/2021 15:00        1465         911         322        1520        2054        3886
11/03/2021 16:00        3039        1440         882         884         145         130
11/03/2021 17:00         130         525         484         657         381         303
11/03/2021 18:00         249         143          87           2           0           0
11/03/2021 19:00           0           0           0           0           0           0
11/03/2021 20:00           0           0           0           0           0           0
11/03/2021 21:00           0           0           0           0           0           0
11/03/2021 22:00           0           0           0           0           0           0
11/03/2021 23:00           0           0           0           0           0           0
12/03/2021 00:00           0           0           0           0           0           0
12/03/2021 01:00           0           0           0           0           0           0
12/03/2021 02:00           0           0           0           0           0           0
12/03/2021 03:00           0           0           0           0           0           0
12/03/2021 04:00           0           0           0           0           0           0
12/03/2021 05:00           0           0           0           0           0           0
12/03/2021 06:00           0           0           0           0           0           0
12/03/2021 07:00           0           0          59         265         456         639
12/03/2021 08:00         880        1133        1423        1745        1929        2242
12/03/2021 09:00        2489        2893        3154        3403        3688        4012
12/03/2021 10:00        3661        3199        2756        3996        3905        3374
12/03/2021 11:00        2276        2642        3413        3366        3730        2941
12/03/2021 12:00        2755        2122        1885        2691        1344        1505
12/03/2021 13:00        1688        2366        2862        1912        1436        3593
12/03/2021 14:00        4415        2890        1320        1461        2628        2082
12/03/2021 15:00        1612        1597        2071        2508        1712         761
12/03/2021 16:00          63           0          19         428         708         815
12/03/2021 17:00         813        1104         910         665         642         526
12/03/2021 18:00         319         195          53           0           0           0
12/03/2021 19:00           0           0           0           0           0           0
12/03/2021 20:00           0           0           0           0           0           0
12/03/2021 21:00           0           0           0           0           0           0
12/03/2021 22:00           0           0           0           0           0           0
12/03/2021 23:00           0           0           0           0           0           0
13/03/2021 00:00           0           0           0           0           0           0
13/03/2021 01:00           0           0           0           0           0           0
13/03/2021 02:00           0           0           0           0           0           0
13/03/2021 03:00           0           0           0           0           0           0
13/03/2021 04:00           0           0           0           0           0           0
13/03/2021 05:00           0           0           0           0           0           0
13/03/2021 06:00           0           0           0           0           0           0
13/03/2021 07:00           0           0           0           0           0           0
13/03/2021 08:00           0           1           0          17         142         186
13/03/2021 09:00         352         347         543         754         936         933
13/03/2021 10:00         994        1109         532         335        3478        5366
13/03/2021 11:00        5476        5136        3080        1989        2379        2351
13/03/2021 12:00        1701        5189        4192        3207        1469        1912
13/03/2021 13:00        5265        5536        3251        1186        1601         980
13/03/2021 14:00         899        1234        2014        1141        3369        4492
13/03/2021 15:00        3783        1687         847         503         203         810
13/03/2021 16:00        1597        1475         989         815         776         740
13/03/2021 17:00         917         244           0           3         267         308
13/03/2021 18:00          93           0           0           0           0           0
13/03/2021 19:00           0           0           0           0           0           0
13/03/2021 20:00           0           0           0           0           0           0
13/03/2021 21:00           0           0           0           0           0           0
13/03/2021 22:00           0           0           0           0           0           0
13/03/2021 23:00           0           0           0           0           0           0
14/03/2021 00:00           0           0           0           0           0           0
14/03/2021 01:00           0           0           0           0           0           0
14/03/2021 02:00           0           0           0           0           0           0
14/03/2021 03:00           0           0           0           0           0           0
14/03/2021 04:00           0           0           0           0           0           0
14/03/2021 05:00           0           0           0           0           0           0
14/03/2021 06:00           0           0           0           0           0           0
14/03/2021 07:00           0           0           0           0           0         109
14/03/2021 08:00         333         295         914        1151         824         871
14/03/2021 09:00         847        1143        1558        1754        2539        2392
14/03/2021 10:00        3638        3405        1677        1233        2307        2518
14/03/2021 11:00        1929        1757        4035        4064        3794        2993
14/03/2021 12:00        3216        5071        2309        3040        3991        2599
14/03/2021 13:00        4783        2485        2195        2727        4296        3202
14/03/2021 14:00        2751        3515        1981        1441        1846         994
14/03/2021 15:00        1088        2564        2349        2061        1476        1444
14/03/2021 16:00         977        1277        1950        1707         959         654
14/03/2021 17:00         219         142         318         781         429         452
14/03/2021 18:00         520         389         278          87           0           0
14/03/2021 19:00           0           0           0           0           0           0
14/03/2021 20:00           0           0           0           0           0           0
14/03/2021 21:00           0           0           0           0           0           0
14/03/2021 22:00           0           0           0           0           0           0
14/03/2021 23:00           0           0           0           0           0           0
15/03/2021 00:00           0           0           0           0           0           0
15/03/2021 01:00           0           0           0           0           0           0
15/03/2021 02:00           0           0           0           0           0           0
15/03/2021 03:00           0           0           0           0           0           0
15/03/2021 04:00           0           0           0           0           0           0
15/03/2021 05:00           0           0           0           0           0           0
15/03/2021 06:00           0           0           0           0           0           0
15/03/2021 07:00           0           0           0         109         293         155
15/03/2021 08:00         299         338         467         551         494         661
15/03/2021 09:00         705         756        1165        1449        1548        1723
15/03/2021 10:00        2456        2940        5037        3940        2052         511
15/03/2021 11:00        3819        3678        3656        4060        1147        1254
15/03/2021 12:00        2533        1618        2059        1641        1587        1618
15/03/2021 13:00        3074        1849        1914        1901        2354        3422
15/03/2021 14:00        2604        2100        3351        4841        4912        4664
15/03/2021 15:00        3537        3346        2615        2435        1532         852
15/03/2021 16:00         544         663        1267        1705        1400        2182
15/03/2021 17:00        2615        1677        1264         736         884         622
15/03/2021 18:00         241         247         167          20           0           0
15/03/2021 19:00           0           0           0           0           0           0
15/03/2021 20:00           0           0           0           0           0           0
15/03/2021 21:00           0           0           0           0           0           0
15/03/2021 22:00           0           0           0           0           0           0
15/03/2021 23:00           0           0           0           0           0           0
16/03/2021 00:00           0           0           0           0           0           0
16/03/2021 01:00           0           0           0           0           0           0
16/03/2021 02:00           0           0           0           0           0           0
16/03/2021 03:00           0           0           0           0           0           0
16/03/2021 04:00           0           0           0           0           0           0
16/03/2021 05:00           0           0           0           0           0           0
16/03/2021 06:00           0           0           0           0           0           0
16/03/2021 07:00           0           0          16         207         357         417
16/03/2021 08:00         512         629         585         471         656         560
16/03/2021 09:00         613         828         527         901        1372        1000
16/03/2021 10:00        1003        1367        1294        1900         906         972
16/03/2021 11:00         787         842        1208        1191        1620        1796
16/03/2021 12:00        1406         963        1366        1754        2105        2153
16/03/2021 13:00        2222        2090        1195         956         730        1364
16/03/2021 14:00        1770        1165         873         936        1019         665
16/03/2021 15:00         506         611         479         226         305         322
16/03/2021 16:00         319         214         122         181         183         214
16/03/2021 17:00         239         223         113           9          22          98
16/03/2021 18:00         110          70          10           0           0           0
16/03/2021 19:00           0           0           0           0           0           0
16/03/2021 20:00           0           0           0           0           0           0
16/03/2021 21:00           0           0           0           0           0           0
16/03/2021 22:00           0           0           0           0           0           0
16/03/2021 23:00           0           0           0           0           0           0
17/03/2021 00:00           0           0           0           0           0           0
17/03/2021 01:00           0           0           0           0           0           0
17/03/2021 02:00           0           0           0           0           0           0
17/03/2021 03:00           0           0           0           0           0           0
17/03/2021 04:00           0           0           0           0           0           0
17/03/2021 05:00           0           0           0           0           0           0
17/03/2021 06:00           0           0           0           0           0           0
17/03/2021 07:00           0           0          41         154          98         300
17/03/2021 08:00         694         664         295         550         951        1091
17/03/2021 09:00         517         900        1563         808        1071         518
17/03/2021 10:00         395         511         988        1082        1057        1075
17/03/2021 11:00        1082        1394        1316        1045         952        1364
17/03/2021 12:00        1555        1174        1413        1110        1904        2337
17/03/2021 13:00        2011        1389        1285        1644        1490        1238
17/03/2021 14:00        1563        1438        1543        1212         477         462
17/03/2021 15:00         842        1024         939         780         930         696
17/03/2021 16:00         828        1310         840         589         705         879
17/03/2021 17:00         302         226         181         534         537         298
17/03/2021 18:00         191          48          36          26           0           0
17/03/2021 19:00           0           0           0           0           0           0
17/03/2021 20:00           0           0           0           0           0           0
17/03/2021 21:00           0           0           0           0           0           0
17/03/2021 22:00           0           0           0           0           0           0
17/03/2021 23:00           0           0           0           0           0           0
18/03/2021 00:00           0           0           0           0           0           0
18/03/2021 01:00           0           0           0           0           0           0
18/03/2021 02:00           0           0           0           0           0           0
18/03/2021 03:00           0           0           0           0           0           0
18/03/2021 04:00           0           0           0           0           0           0
18/03/2021 05:00           0           0           0           0           0           0
18/03/2021 06:00           0           0           0           0           0           0
18/03/2021 07:00           0          13         194         278         265         303
18/03/2021 08:00         592         857        1427        1698        2028        1947
18/03/2021 09:00        1227        1175        1288        1774        1687        1786
18/03/2021 10:00        1735        1298        1197         662        1160        1140
18/03/2021 11:00         943        1196        1330        2454        2168        2116
18/03/2021 12:00        1521        1937        2436        2898        2566        2971
18/03/2021 13:00        2344        1523        1850        2385        1797        1647
18/03/2021 14:00        1416         373        1627        1626        1766        1396
18/03/2021 15:00        1781        2400        1171         819        1469         949
18/03/2021 16:00         532         283         471         854         971        1585
18/03/2021 17:00        1071         983         647         261         124          20
18/03/2021 18:00         150          36           0           0           0           0
18/03/2021 19:00           0           0           0           0           0           0
18/03/2021 20:00           0           0           0           0           0           0
18/03/2021 21:00           0           0           0           0           0           0
18/03/2021 22:00           0           0           0           0           0           0
18/03/2021 23:00           0           0           0           0           0           0
19/03/2021 00:00           0           0           0           0           0           0
19/03/2021 01:00           0           0           0           0           0           0
19/03/2021 02:00           0           0           0           0           0           0
19/03/2021 03:00           0           0           0           0           0           0
19/03/2021 04:00           0           0           0           0           0           0
19/03/2021 05:00           0           0           0           0           0           0
19/03/2021 06:00           0           0           0           0           0           0
19/03/2021 07:00           0          80         212         336         411         805
19/03/2021 08:00         545         539         668         905         977        1312
19/03/2021 09:00        2279        1902        2612        1161        1875        1543
19/03/2021 10:00        1869        1600        2677        3018        2522        1550
19/03/2021 11:00        1987        2234        1624        1634        1377        1772
19/03/2021 12:00        2412        2845        4595        3963        2525        2426
19/03/2021 13:00        3977        4197        3978        3334        3345        5274
19/03/2021 14:00        2575        3837        5078        5292        2394        2484
19/03/2021 15:00        1813        2770        1434        1744        1935        1897
19/03/2021 16:00        1067        2251        2111        2893        2924        2951
19/03/2021 17:00        2465        1178        1549        1531        1171         859
19/03/2021 18:00         523         412         288         196          25           0
19/03/2021 19:00           0           0           0           0           0           0
19/03/2021 20:00           0           0           0           0           0           0
19/03/2021 21:00           0           0           0           0           0           0
19/03/2021 22:00           0           0           0           0           0           0
19/03/2021 23:00           0           0           0           0           0           0
20/03/2021 00:00           0           0           0           0           0           0
20/03/2021 01:00           0           0           0           0           0           0
20/03/2021 02:00           0           0           0           0           0           0
20/03/2021 03:00           0           0           0           0           0           0
20/03/2021 04:00           0           0           0           0           0           0
20/03/2021 05:00           0           0           0           0           0           0
20/03/2021 06:00           0           0           0           0           0           0
20/03/2021 07:00          11         173         293         465         652        1026
20/03/2021 08:00        1385        1667        2135        2176        2098        2166
20/03/2021 09:00        3119        3621        3898        4135        4065        1291
20/03/2021 10:00        1220        2316        3972        2901        3003        2795
20/03/2021 11:00        1640        1046        1550        2172        2294        4003
20/03/2021 12:00        3879        5449        4949        4806        3490        1514
20/03/2021 13:00        2815        2307        4004        3443        5061        3515
20/03/2021 14:00        2872        2856        5125        3692        3501        4178
20/03/2021 15:00        3592        3723        5134        4953        4615        4279
20/03/2021 16:00        4083        3769        3487        3212        2909        2586
20/03/2021 17:00        2238        1923        1637        1345        1056         797
20/03/2021 18:00         554         398         274         167          44           0
20/03/2021 19:00           0           0           0           0           0           0
20/03/2021 20:00           0           0           0           0           0           0
20/03/2021 21:00           0           0           0           0           0           0
20/03/2021 22:00           0           0           0           0           0           0
20/03/2021 23:00           0           0           0           0           0           0
21/03/2021 00:00           0           0           0           0           0           0
21/03/2021 01:00           0           0           0           0           0           0
21/03/2021 02:00           0           0           0           0           0           0
21/03/2021 03:00           0           0           0           0           0           0
21/03/2021 04:00           0           0           0           0           0           0
21/03/2021 05:00           0           0           0           0           0           0
21/03/2021 06:00           0           0           0           0           0           0
21/03/2021 07:00           0           0           0           0           0           0
21/03/2021 08:00           1           2           2          93         188         163
21/03/2021 09:00         176         426         470         444         645        1063
21/03/2021 10:00         771         646         544        1321        1765        1684
21/03/2021 11:00        1320         969        1512        1429         918         741
21/03/2021 12:00         732         685        1275        1193        2373        2595
21/03/2021 13:00        3426        1525        1959        3937        5153        5284
21/03/2021 14:00        4901        4401        4489        4019        5142        3942
21/03/2021 15:00        3963        3229        2276        2957        2609        3745
21/03/2021 16:00        3526        3012        3220        2451        1425        2853
21/03/2021 17:00        1620        1528         760        1134         628         651
21/03/2021 18:00         519         591         252         107          13           0
21/03/2021 19:00           0           0           0           0           0           0
21/03/2021 20:00           0           0           0           0           0           0
21/03/2021 21:00           0           0           0           0           0           0
21/03/2021 22:00           0           0           0           0           0           0
21/03/2021 23:00           0           0           0           0           0           0
22/03/2021 00:00           0           0           0           0           0           0
22/03/2021 01:00           0           0           0           0           0           0
22/03/2021 02:00           0           0           0           0           0           0
22/03/2021 03:00           0           0           0           0           0           0
22/03/2021 04:00           0           0           0           0           0           0
22/03/2021 05:00           0           0           0           0           0           0
22/03/2021 06:00           0           0           0           0           0           0
22/03/2021 07:00          28         202         402         541         706         459
22/03/2021 08:00         369         478         548         678         853         893
22/03/2021 09:00        1048        1211        1234        1348        1411        1638
22/03/2021 10:00        1638        1575        1749        1549        1690        1686
22/03/2021 11:00        1662        1034        1153        1235         869        1483
22/03/2021 12:00        1352        1137        1196        1089        1354        1491
22/03/2021 13:00        1409        1424        1390        1525        1873        1891
22/03/2021 14:00        1715        1816        1793        1748        1623        1213
22/03/2021 15:00        1109        1073        1182        1338        1307        1812
22/03/2021 16:00        1839        1319        1454        1098         870         698
22/03/2021 17:00         595         501         603         436         335         279
22/03/2021 18:00         194          92          21           0           0           0
22/03/2021 19:00           0           0           0           0           0           0
22/03/2021 20:00           0           0           0           0           0           0
22/03/2021 21:00           0           0           0           0           0           0
22/03/2021 22:00           0           0           0           0           0           0
22/03/2021 23:00           0           0           0           0           0           0
23/03/2021 00:00           0           0           0           0           0           0
23/03/2021 01:00           0           0           0           0           0           0
23/03/2021 02:00           0           0           0           0           0           0
23/03/2021 03:00           0           0           0           0           0           0
23/03/2021 04:00           0           0           0           0           0           0
23/03/2021 05:00           0           0           0           0           0           0
23/03/2021 06:00           0           0           0           0           0           0
23/03/2021 07:00         146         313         509         727         908        1181
23/03/2021 08:00        1427        1773        2086        2393        2700        2985
23/03/2021 09:00        3308        3613        3642        3994        4385        4560
23/03/2021 10:00        4777        4850        4903        5173        5274        5401
23/03/2021 11:00        5046        5446        5407        5418        5457        5476
23/03/2021 12:00        5400        5478        5469        5491        5487        5462
23/03/2021 13:00        5345        5488        5460        5445        5446        5451
23/03/2021 14:00        5442        5406        5395        5291        5317        5229
23/03/2021 15:00        4909        4837        4619        4700        4277        3704
23/03/2021 16:00        3767        3792        3553        3233        2916        2603
23/03/2021 17:00        2320        2011        1566         972        1089         774
23/03/2021 18:00         625         390         298         185          75           0
23/03/2021 19:00           0           0           0           0           0           0
23/03/2021 20:00           0           0           0           0           0           0
23/03/2021 21:00           0           0           0           0           0           0
23/03/2021 22:00           0           0           0           0           0           0
23/03/2021 23:00           0           0           0           0           0           0
24/03/2021 00:00           0           0           0           0           0           0
24/03/2021 01:00           0           0           0           0           0           0
24/03/2021 02:00           0           0           0           0           0           0
24/03/2021 03:00           0           0           0           0           0           0
24/03/2021 04:00           0           0           0           0           0           0
24/03/2021 05:00           0           0           0           0           0           0
24/03/2021 06:00           0           0           0           0           0           0
24/03/2021 07:00         140         314         498         694         957        1265
24/03/2021 08:00        1560        1846        2181        2509        2812        3144
24/03/2021 09:00        3447        3676        3939        4195        4428        4636
24/03/2021 10:00        4870        5048        5179        5300        5393        5430
24/03/2021 11:00        5529        5534        5569        5576        5576        5542
24/03/2021 12:00        5584        5541        5443        5611        5441        5395
24/03/2021 13:00        5599        5601        5570        5578        5597        5530
24/03/2021 14:00        5571        5570        5485        5070        5324        5300
24/03/2021 15:00        5100        4994        4841        4594        4390        4097
24/03/2021 16:00        3755        3760        3367        3117        2854        2363
24/03/2021 17:00        2141        1765        1392        1399        1242         798
24/03/2021 18:00         621         436         329         244         149          20
24/03/2021 19:00           0           0           0           0           0           0
24/03/2021 20:00           0           0           0           0           0           0
24/03/2021 21:00           0           0           0           0           0           0
24/03/2021 22:00           0           0           0           0           0           0
24/03/2021 23:00           0           0           0           0           0           0
25/03/2021 00:00           0           0           0           0           0           0
25/03/2021 01:00           0           0           0           0           0           0
25/03/2021 02:00           0           0           0           0           0           0
25/03/2021 03:00           0           0           0           0           0           0
25/03/2021 04:00           0           0           0           0           0           0
25/03/2021 05:00           0           0           0           0           0           0
25/03/2021 06:00           0           0           0           0           0           0
25/03/2021 07:00           0           0          19          37         207         280
25/03/2021 08:00         167         377         696         524         483         528
25/03/2021 09:00         666        1099         915        1070        1090        1347
25/03/2021 10:00        1496        1053        1134        1673        2082        2273
25/03/2021 11:00        2399        2210        1957        2727        2958        3013
25/03/2021 12:00        1912        1767        2210        1176        1797        1501
25/03/2021 13:00         748        1192        2277        1987        1404         506
25/03/2021 14:00         903        1220        3230        3141        1716        3806
25/03/2021 15:00        4950        3497        2449        2332         744        1164
25/03/2021 16:00        1147        2415        2901        2367        1339         844
25/03/2021 17:00        1606        1881        1343        1520        1200         963
25/03/2021 18:00         556         295         320         168          54           7
25/03/2021 19:00           0           0           0           0           0           0
25/03/2021 20:00           0           0           0           0           0           0
25/03/2021 21:00           0           0           0           0           0           0
25/03/2021 22:00           0           0           0           0           0           0
25/03/2021 23:00           0           0           0           0           0           0
26/03/2021 00:00           0           0           0           0           0           0
26/03/2021 01:00           0           0           0           0           0           0
26/03/2021 02:00           0           0           0           0           0           0
26/03/2021 03:00           0           0           0           0           0           0
26/03/2021 04:00           0           0           0           0           0           0
26/03/2021 05:00           0           0           0           0           0           0
26/03/2021 06:00           0           0           0           0           0          12
26/03/2021 07:00         198         348         471         633         726         400
26/03/2021 08:00         367         483         655         764         833         973
26/03/2021 09:00        1160        1340        1360        1466        1684        1716
26/03/2021 10:00        1780        1905        2184        2700        3079        3461
26/03/2021 11:00        4116        4756        4424        4835        4056        4404
26/03/2021 12:00        2931        2393        2453        2260        3318        3259
26/03/2021 13:00        2398        2194        2399        2080        2116        3328
26/03/2021 14:00        3298        3179        2590        2213        2930        1614
26/03/2021 15:00        2575        1766        2367        2724        2677        1599
26/03/2021 16:00        2351        1432        1815        1564        1111         863
26/03/2021 17:00         702         556         426         369         209          95
26/03/2021 18:00          97         233          31           0           0           0
26/03/2021 19:00           0           0           0           0           0           0
26/03/2021 20:00           0           0           0           0           0           0
26/03/2021 21:00           0           0           0           0           0           0
26/03/2021 22:00           0           0           0           0           0           0
26/03/2021 23:00           0           0           0           0           0           0
27/03/2021 00:00           0           0           0           0           0           0
27/03/2021 01:00           0           0           0           0           0           0
27/03/2021 02:00           0           0           0           0           0           0
27/03/2021 03:00           0           0           0           0           0           0
27/03/2021 04:00           0           0           0           0           0           0
27/03/2021 05:00           0           0           0           0           0           0
27/03/2021 06:00           0           0           0           0           0           7
27/03/2021 07:00         161         382         582         836         917        1293
27/03/2021 08:00        1710        2001        2340        2654        2961        3259
27/03/2021 09:00        3552        3854        4132        4406        4583        3820
27/03/2021 10:00        4265        4123        3054        3116        4279        5237
27/03/2021 11:00        4639        5319        5428        4960        4475        5321
27/03/2021 12:00        5094        5349        2806        3249        3335        2308
27/03/2021 13:00        2508        4345        3281        3294        2758        1827
27/03/2021 14:00        2957        3919        5417        3931        2948        1575
27/03/2021 15:00        1771        2692        1848        1363        1115        1719
27/03/2021 16:00        2050        1902        1344        1575        1118         766
27/03/2021 17:00         527         558         426         462         364         256
27/03/2021 18:00         273         255         173          91          17           0
27/03/2021 19:00           0           0           0           0           0           0
27/03/2021 20:00           0           0           0           0           0           0
27/03/2021 21:00           0           0           0           0           0           0
27/03/2021 22:00           0           0           0           0           0           0
27/03/2021 23:00           0           0           0           0           0           0
28/03/2021 00:00           0           0           0           0           0           0
28/03/2021 01:00           0           0           0           0           0           0
28/03/2021 03:00           0           0           0           0           0           0
28/03/2021 04:00           0           0           0           0           0           0
28/03/2021 05:00           0           0           0           0           0           0
28/03/2021 06:00           0           0           0           0           0           0
28/03/2021 07:00           0           0           0           0           9         186
28/03/2021 08:00         259         289         415         747        1045        1454
28/03/2021 09:00        1679        1665        2286        2659        2974        3271
28/03/2021 10:00        3585        3709        3824        4233        4573        4780
28/03/2021 11:00        4986        5162        5173        5231        5440        5017
28/03/2021 12:00        5430        5347        5434        4863        2976        4742
28/03/2021 13:00        5447        5411        5479        5523        5486        5381
28/03/2021 14:00        5492        5081        5416        5475        5225        5456
28/03/2021 15:00        5426        5408        5381        5331        5250        4800
28/03/2021 16:00        5022        5013        4903        4482        3628        3651
28/03/2021 17:00        4186        3714        2839        2974        2748        2681
28/03/2021 18:00        2346        2078        1731        1391        1223         900
28/03/2021 19:00         453         315         261         218         181          82
28/03/2021 20:00           0           0           0           0           0           0
28/03/2021 21:00           0           0           0           0           0           0
28/03/2021 22:00           0           0           0           0           0           0
28/03/2021 23:00           0           0           0           0           0           0
29/03/2021 00:00           0           0           0           0           0           0
29/03/2021 01:00           0           0           0           0           0           0
29/03/2021 02:00           0           0           0           0           0           0
29/03/2021 03:00           0           0           0           0           0           0
29/03/2021 04:00           0           0           0           0           0           0
29/03/2021 05:00           0           0           0           0           0           0
29/03/2021 06:00           0           0           0           0           0           0
29/03/2021 07:00           0           0           0           0          19         153
29/03/2021 08:00         329         490         699         826        1066        1482
29/03/2021 09:00        1783        1951        2326        2655        2952        3347
29/03/2021 10:00        3659        3937        4181        4398        4633        4840
29/03/2021 11:00        5028        5168        5293        5404        5421        5152
29/03/2021 12:00        5487        5562        5627        5614        5546        5594
29/03/2021 13:00        5601        5616        5605        5595        5573        5562
29/03/2021 14:00        5601        5575        5534        5552        5423        5534
29/03/2021 15:00        5261        5213        5400        5233        5204        4806
29/03/2021 16:00        4835        5086        4716        4538        4269        4022
29/03/2021 17:00        3820        3749        3516        3145        2841        2668
29/03/2021 18:00        2309        2105        1687        1345        1170        1032
29/03/2021 19:00         797         559         375         246         198         111
29/03/2021 20:00          20           0           0           0           0           0
29/03/2021 21:00           0           0           0           0           0           0
29/03/2021 22:00           0           0           0           0           0           0
29/03/2021 23:00           0           0           0           0           0           0
30/03/2021 00:00           0           0           0           0           0           0
30/03/2021 01:00           0           0           0           0           0           0
30/03/2021 02:00           0           0           0           0           0           0
30/03/2021 03:00           0           0           0           0           0           0
30/03/2021 04:00           0           0           0           0           0           0
30/03/2021 05:00           0           0           0           0           0           0
30/03/2021 06:00           0           0           0           0           0           0
30/03/2021 07:00           0           0           0           0          14         138
30/03/2021 08:00         310         480         696         940        1216        1506
30/03/2021 09:00        1800        2129        2438        2743        3042        3316
30/03/2021 10:00        3454        3879        4102        4343        4587        4787
30/03/2021 11:00        4903        5069        5236        5357        5405        5487
30/03/2021 12:00        5462        5515        5537        5498        5561        5611
30/03/2021 13:00        5511        5536        5568        5543        5532        5553
30/03/2021 14:00        5543        5531        5529        5161        4974        4018
30/03/2021 15:00        3973        3983        3978        3970        3904        3791
30/03/2021 16:00        3738        3681        3614        3813        4131        3968
30/03/2021 17:00        3725        3638        3451        3234        2974        2691
30/03/2021 18:00        2407        2121        1736        1553        1273        1025
30/03/2021 19:00         768         580         409         279         152          20
30/03/2021 20:00           0           0           0           0           0           0
30/03/2021 21:00           0           0           0           0           0           0
30/03/2021 22:00           0           0           0           0           0           0
30/03/2021 23:00           0           0           0           0           0           0
31/03/2021 00:00           0           0           0           0           0           0
31/03/2021 01:00           0           0           0           0           0           0
31/03/2021 02:00           0           0           0           0           0           0
31/03/2021 03:00           0           0           0           0           0           0
31/03/2021 04:00           0           0           0           0           0           0
31/03/2021 05:00           0           0           0           0           0           0
31/03/2021 06:00           0           0           0           0           0           0
31/03/2021 07:00           0           0           0           0          12         124
31/03/2021 08:00         286         506         715         942        1172        1452
31/03/2021 09:00        1720        2005        2307        2619        2907        3178
31/03/2021 10:00        3361        3595        3780        3957        4116        4263
31/03/2021 11:00        4406        4495        4562        4595        4589        4656
31/03/2021 12:00        4569        4658        4695        4701        4659        4700
31/03/2021 13:00        4642        4687        4688        4676        4680        4676
31/03/2021 14:00        4640        4678        4633        4692        4660        4704
31/03/2021 15:00        4663        4692        4658        4615        4621        4617
31/03/2021 16:00        4576        4486        4358        4228        3950        3914
31/03/2021 17:00        3625        3491        3362        3133        2884        2511
31/03/2021 18:00        2326        2073        1778        1498        1213         948
31/03/2021 19:00         577         453         230         126          23           0
31/03/2021 20:00           0           0           0           0           0           0
31/03/2021 21:00           0           0           0           0           0           0
31/03/2021 22:00           0           0           0           0           0           0
31/03/2021 23:00           0           0           0           0           0           0
01/04/2021 00:00           0           0           0           0           0           0
01/04/2021 01:00           0           0           0           0           0           0
