01/02/2021 02:00           0           0           0           0           0           0
01/02/2021 03:00           0           0           0           0           0           0
01/02/2021 04:00           0           0           0           0           0           0
01/02/2021 05:00           0           0           0           0           0           0
01/02/2021 06:00           0           0           0           0           0           0
01/02/2021 07:00           0           0           0           0           0           0
01/02/2021 08:00           0           0           0           0           0           0
01/02/2021 09:00           0          43         307         433         534         671
01/02/2021 10:00         475         338         224         524         469         267
01/02/2021 11:00         197          59         351        1940        1537        1360
01/02/2021 12:00        1476        1371         932         369         727        1016
01/02/2021 13:00         799         572         960         949         768         451
01/02/2021 14:00         248         401         332         264         172         120
01/02/2021 15:00         373         465         448         335         249         291
01/02/2021 16:00         380         480         228          68         182         181
01/02/2021 17:00          10           0           0           0           0           0
01/02/2021 18:00           0           0           0           0           0           0
01/02/2021 19:00           0           0           0           0           0           0
01/02/2021 20:00           0           0           0           0           0           0
01/02/2021 21:00           0           0           0           0           0           0
01/02/2021 22:00           0           0           0           0           0           0
01/02/2021 23:00           0           0           0           0           0           0
02/02/2021 00:00           0           0           0           0           0           0
02/02/2021 01:00           0           0           0           0           0           0
02/02/2021 02:00           0           0           0           0           0           0
02/02/2021 03:00           0           0           0           0           0           0
02/02/2021 04:00           0           0           0           0           0           0
02/02/2021 05:00           0           0           0           0           0           0
02/02/2021 06:00           0           0           0           0           0           0
02/02/2021 07:00           0           0           0           0           0           0
02/02/2021 08:00           0           0           0           0           0           0
02/02/2021 09:00          86         145         192         318         553         490
02/02/2021 10:00         574         680         583         716        1013         712
02/02/2021 11:00         555         659        1162        1600        1391        1902
02/02/2021 12:00        1002         185         146         394        1160         587
02/02/2021 13:00         847         905         521         910        1007         457
02/02/2021 14:00         292        1038         509        1141        2120         918
02/02/2021 15:00         744        1185        1007         527         277         155
02/02/2021 16:00         483         848         634         487         615         414
02/02/2021 17:00         438         135           5           0           0           0
02/02/2021 18:00           0           0           0           0           0           0
02/02/2021 19:00           0           0           0           0           0           0
02/02/2021 20:00           0           0           0           0           0           0
02/02/2021 21:00           0           0           0           0           0           0
02/02/2021 22:00           0           0           0           0           0           0
02/02/2021 23:00           0           0           0           0           0           0
03/02/2021 00:00           0           0           0           0           0           0
03/02/2021 01:00           0           0           0           0           0           0
03/02/2021 02:00           0           0           0           0           0           0
03/02/2021 03:00           0           0           0           0           0           0
03/02/2021 04:00           0           0           0           0           0           0
03/02/2021 05:00           0           0           0           0           0           0
03/02/2021 06:00           0           0           0           0           0           0
03/02/2021 07:00           0           0           0           0           0           0
03/02/2021 08:00           0           0           0           0           0           0
03/02/2021 09:00           0           8         211         210         482         542
03/02/2021 10:00         406         569         628         972         793         886
03/02/2021 11:00        1948         902         708         923         709         951
03/02/2021 12:00         583         877        1153        1590        1619        1344
03/02/2021 13:00        1237        1120        1214        1205        1907        1001
03/02/2021 14:00         623         441         441         700        1357         876
03/02/2021 15:00         934        1034         438         265         109         847
03/02/2021 16:00         657         369          54         357         432         476
03/02/2021 17:00         213          43           2           0           0           0
03/02/2021 18:00           0           0           0           0           0           0
03/02/2021 19:00           0           0           0           0           0           0
03/02/2021 20:00           0           0           0           0           0           0
03/02/2021 21:00           0           0           0           0           0           0
03/02/2021 22:00           0           0           0           0           0           0
03/02/2021 23:00           0           0           0           0           0           0
04/02/2021 00:00           0           0           0           0           0           0
04/02/2021 01:00           0           0           0           0           0           0
04/02/2021 02:00           0           0           0           0           0           0
04/02/2021 03:00           0           0           0           0           0           0
04/02/2021 04:00           0           0           0           0           0           0
04/02/2021 05:00           0           0           0           0           0           0
04/02/2021 06:00           0           0           0           0           0           0
04/02/2021 07:00           0           0           0           0           0           0
04/02/2021 08:00           0           0           0          24         160         230
04/02/2021 09:00         385         766         858         850         674         941
04/02/2021 10:00        1209        1609        1615        1259         994         860
04/02/2021 11:00        1128        1404        1300        1584        1361        1348
04/02/2021 12:00        1396        1076        1274        1340        1356        1305
04/02/2021 13:00         793         885         909         922        1463        1573
04/02/2021 14:00        1817        2015        2256        2217        1621        1403
04/02/2021 15:00        1598        1636        1025         860        1311        1262
04/02/2021 16:00         982        1074         775         768         619         484
04/02/2021 17:00         364         116          46          29           0           0
04/02/2021 18:00           0           0           0           0           0           0
04/02/2021 19:00           0           0           0           0           0           0
04/02/2021 20:00           0           0           0           0           0           0
04/02/2021 21:00           0           0           0           0           0           0
04/02/2021 22:00           0           0           0           0           0           0
04/02/2021 23:00           0           0           0           0           0           0
05/02/2021 00:00           0           0           0           0           0           0
05/02/2021 01:00           0           0           0           0           0           0
05/02/2021 02:00           0           0           0           0           0           0
05/02/2021 03:00           0           0           0           0           0           0
05/02/2021 04:00           0           0           0           0           0           0
05/02/2021 05:00           0           0           0           0           0           0
05/02/2021 06:00           0           0           0           0           0           0
05/02/2021 07:00           0           0           0           0           0           0
05/02/2021 08:00           0           0           0           0          22         202
05/02/2021 09:00         448         450         949         578         802         821
05/02/2021 10:00        1283         429         827         794        1560        1291
05/02/2021 11:00        1521        2515        1785        1965        2158        3311
05/02/2021 12:00        1599        2050        1727        1859        1893        1420
05/02/2021 13:00        1382        1709        2000        1673        1315        2644
05/02/2021 14:00        2150        1483        2038        1217        1441        1337
05/02/2021 15:00        1457        1308        1158        1418        1175        1303
05/02/2021 16:00         970         580         345         351         433         376
05/02/2021 17:00         297         162          29           0           0           0
05/02/2021 18:00           0           0           0           0           0           0
05/02/2021 19:00           0           0           0           0           0           0
05/02/2021 20:00           0           0           0           0           0           0
05/02/2021 21:00           0           0           0           0           0           0
05/02/2021 22:00           0           0           0           0           0           0
05/02/2021 23:00           0           0           0           0           0           0
06/02/2021 00:00           0           0           0           0           0           0
06/02/2021 01:00           0           0           0           0           0           0
06/02/2021 02:00           0           0           0           0           0           0
06/02/2021 03:00           0           0           0           0           0           0
06/02/2021 04:00           0           0           0           0           0           0
06/02/2021 05:00           0           0           0           0           0           0
06/02/2021 06:00           0           0           0           0           0           0
06/02/2021 07:00           0           0           0           0           0           0
06/02/2021 08:00           0           0           0           0           0           0
06/02/2021 09:00           0          28          46         107         210         204
06/02/2021 10:00         126         337         396         410         453         471
06/02/2021 11:00         485         681         583         594         456         613
06/02/2021 12:00         734         473         293         300         335         331
06/02/2021 13:00         405         324         317         285         217         193
06/02/2021 14:00          76          32           0           0           0           0
06/02/2021 15:00           0           0           0           0           0           0
06/02/2021 16:00           0           0           0           0           0           0
06/02/2021 17:00           0           0           0           0           0           0
06/02/2021 18:00           0           0           0           0           0           0
06/02/2021 19:00           0           0           0           0           0           0
06/02/2021 20:00           0           0           0           0           0           0
06/02/2021 21:00           0           0           0           0           0           0
06/02/2021 22:00           0           0           0           0           0           0
06/02/2021 23:00           0           0           0           0           0           0
07/02/2021 00:00           0           0           0           0           0           0
07/02/2021 01:00           0           0           0           0           0           0
07/02/2021 02:00           0           0           0           0           0           0
07/02/2021 03:00           0           0           0           0           0           0
07/02/2021 04:00           0           0           0           0           0           0
07/02/2021 05:00           0           0           0           0           0           0
07/02/2021 06:00           0           0           0           0           0           0
07/02/2021 07:00           0           0           0           0           0           0
07/02/2021 08:00           0           0           0           0           0           0
07/02/2021 09:00           0           0          47           0          15         115
07/02/2021 10:00         226         207         292         346         313         351
07/02/2021 11:00         234         313         350         471         628         573
07/02/2021 12:00         525         410         587         420         215         221
07/02/2021 13:00         350         272         384         383         289         207
07/02/2021 14:00         273         328         217         138         336         259
07/02/2021 15:00         238         290         305          72         176          88
07/02/2021 16:00         102         114         147          28           0           0
07/02/2021 17:00           0           0           0           0           0           0
07/02/2021 18:00           0           0           0           0           0           0
07/02/2021 19:00           0           0           0           0           0           0
07/02/2021 20:00           0           0           0           0           0           0
07/02/2021 21:00           0           0           0           0           0           0
07/02/2021 22:00           0           0           0           0           0           0
07/02/2021 23:00           0           0           0           0           0           0
08/02/2021 00:00           0           0           0           0           0           0
08/02/2021 01:00           0           0           0           0           0           0
08/02/2021 02:00           0           0           0           0           0           0
08/02/2021 03:00           0           0           0           0           0           0
08/02/2021 04:00           0           0           0           0           0           0
08/02/2021 05:00           0           0           0           0           0           0
08/02/2021 06:00           0           0           0           0           0           0
08/02/2021 07:00           0           0           0           0           0           0
08/02/2021 08:00           0           0           0           0           0           0
08/02/2021 09:00           0           0           0           0           0           0
08/02/2021 10:00           0           0           0           0           2           1
08/02/2021 11:00           1           1           1           9          52          44
08/02/2021 12:00          35         166         155         187         228         251
08/02/2021 13:00         215         211         199         165         159         160
08/02/2021 14:00         153          99         135         123         102          73
08/02/2021 15:00          42          38          50          41          41          46
08/02/2021 16:00          48          41          35          11           0           0
08/02/2021 17:00           1           0           0           0           0           0
08/02/2021 18:00           0           0           0           0           0           0
08/02/2021 19:00           0           0           0           0           0           0
08/02/2021 20:00           0           0           0           0           0           0
08/02/2021 21:00           0           0           0           0           0           0
08/02/2021 22:00           0           0           0           0           0           0
08/02/2021 23:00           0           0           0           0           0           0
09/02/2021 00:00           0           0           0           0           0           0
09/02/2021 01:00           0           0           0           0           0           0
09/02/2021 02:00           0           0           0           0           0           0
09/02/2021 03:00           0           0           0           0           0           0
09/02/2021 04:00           0           0           0           0           0           0
09/02/2021 05:00           0           0           0           0           0           0
09/02/2021 06:00           0           0           0           0           0           0
09/02/2021 07:00           0           0           0           0           0           0
09/02/2021 08:00           0           0           0           0           0           0
09/02/2021 09:00           0           0           0           0           0           0
09/02/2021 10:00           1           1           1           2           1           2
09/02/2021 11:00           2           1           2          45         128         142
09/02/2021 12:00         151         152         160         155         132         149
09/02/2021 13:00         214         135         117         117         147         165
09/02/2021 14:00         132         127         138         145         210         137
09/02/2021 15:00         154          81          41          33          55         135
09/02/2021 16:00          91          83          53          39          35           0
09/02/2021 17:00           0           0           0           0           0           0
09/02/2021 18:00           0           0           0           0           0           0
09/02/2021 19:00           0           0           0           0           0           0
09/02/2021 20:00           0           0           0           0           0           0
09/02/2021 21:00           0           0           0           0           0           0
09/02/2021 22:00           0           0           0           0           0           0
09/02/2021 23:00           0           0           0           0           0           0
10/02/2021 00:00           0           0           0           0           0           0
10/02/2021 01:00           0           0           0           0           0           0
10/02/2021 02:00           0           0           0           0           0           0
10/02/2021 03:00           0           0           0           0           0           0
10/02/2021 04:00           0           0           0           0           0           0
10/02/2021 05:00           0           0           0           0           0           0
10/02/2021 06:00           0           0           0           0           0           0
10/02/2021 07:00           0           0           0           0           0           0
10/02/2021 08:00           0           0           0           1           1           3
10/02/2021 09:00         128         217         304         367         464         520
10/02/2021 10:00         614         739         708        1175        1073        1528
10/02/2021 11:00        2005        2594        3134        3498        3946        4341
10/02/2021 12:00        4571        4803        4949        5040        5061        4106
10/02/2021 13:00        4326        3898        3688        3533        4662        4849
10/02/2021 14:00        4701        4643        4161        3972        4204        3997
10/02/2021 15:00        3766        3504        3217        3022        2799        2499
10/02/2021 16:00        2202        1874        1593        1039         882         794
10/02/2021 17:00         519         371         320         179          63           0
10/02/2021 18:00           0           0           0           0           0           0
10/02/2021 19:00           0           0           0           0           0           0
10/02/2021 20:00           0           0           0           0           0           0
10/02/2021 21:00           0           0           0           0           0           0
10/02/2021 22:00           0           0           0           0           0           0
10/02/2021 23:00           0           0           0           0           0           0
11/02/2021 00:00           0           0           0           0           0           0
11/02/2021 01:00           0           0           0           0           0           0
11/02/2021 02:00           0           0           0           0           0           0
11/02/2021 03:00           0           0           0           0           0           0
11/02/2021 04:00           0           0           0           0           0           0
11/02/2021 05:00           0           0           0           0           0           0
11/02/2021 06:00           0           0           0           0           0           0
11/02/2021 07:00           0           0           0           0           0           0
11/02/2021 08:00           0          11         197         368         593         752
11/02/2021 09:00         784        1104        1485        1744        2109        2399
11/02/2021 10:00        2724        3129        3527        3736        4007        4204
11/02/2021 11:00        4382        4594        4771        4866        4995        5121
11/02/2021 12:00        5062        5246        5346        5119        5398        5357
11/02/2021 13:00        5165        3540        4393        4437        4047        3916
11/02/2021 14:00        3036        3566        3167        2982        3746        4087
11/02/2021 15:00        3787        3166        3075        3118        2758        1754
11/02/2021 16:00        1969        1794         995         912         666         606
11/02/2021 17:00         530         394         312         226          98           5
11/02/2021 18:00           0           0           0           0           0           0
11/02/2021 19:00           0           0           0           0           0           0
11/02/2021 20:00           0           0           0           0           0           0
11/02/2021 21:00           0           0           0           0           0           0
11/02/2021 22:00           0           0           0           0           0           0
11/02/2021 23:00           0           0           0           0           0           0
12/02/2021 00:00           0           0           0           0           0           0
12/02/2021 01:00           0           0           0           0           0           0
12/02/2021 02:00           0           0           0           0           0           0
12/02/2021 03:00           0           0           0           0           0           0
12/02/2021 04:00           0           0           0           0           0           0
12/02/2021 05:00           0           0           0           0           0           0
12/02/2021 06:00           0           0           0           0           0           0
12/02/2021 07:00           0           0           0           0           0           0
12/02/2021 08:00           0           0          89         238         316         411
12/02/2021 09:00         551         619         731         898        1001        1135
12/02/2021 10:00        1187        1287        1434        1662        1869        1957
12/02/2021 11:00        2029        2200        2217        2228        3148        3474
12/02/2021 12:00        3670        3774        3658        3058        3477        2832
12/02/2021 13:00        2681        3137        3301        2895        2854        2623
12/02/2021 14:00        2502        2659        3724        3718        3731        3377
12/02/2021 15:00        2925        3278        2171        1893        1908        1765
12/02/2021 16:00        1617        1415        1156         915         694         503
12/02/2021 17:00         392         300         212         126          23           0
12/02/2021 18:00           0           0           0           0           0           0
12/02/2021 19:00           0           0           0           0           0           0
12/02/2021 20:00           0           0           0           0           0           0
12/02/2021 21:00           0           0           0           0           0           0
12/02/2021 22:00           0           0           0           0           0           0
12/02/2021 23:00           0           0           0           0           0           0
13/02/2021 00:00           0           0           0           0           0           0
13/02/2021 01:00           0           0           0           0           0           0
13/02/2021 02:00           0           0           0           0           0           0
13/02/2021 03:00           0           0           0           0           0           0
13/02/2021 04:00           0           0           0           0           0           0
13/02/2021 05:00           0           0           0           0           0           0
13/02/2021 06:00           0           0           0           0           0           0
13/02/2021 07:00           0           0           0           0           0           0
13/02/2021 08:00           1          78         275         419         676         844
13/02/2021 09:00        1211        1596        1932        2211        2544        2919
13/02/2021 10:00        3220        3523        3836        4067        4294        4492
13/02/2021 11:00        4681        4850        4950        5072        5048        5156
13/02/2021 12:00        5297        5265        5393        5367        5359        5500
13/02/2021 13:00        5464        5408        5386        5357        5201        5106
13/02/2021 14:00        4502        4281        3927        3501        3634        3107
13/02/2021 15:00        2737        2489        1667        1822        1773        1335
13/02/2021 16:00        1153        1195        1142         972         838         691
13/02/2021 17:00         523         400         283         184          80          15
13/02/2021 18:00           0           0           0           0           0           0
13/02/2021 19:00           0           0           0           0           0           0
13/02/2021 20:00           0           0           0           0           0           0
13/02/2021 21:00           0           0           0           0           0           0
13/02/2021 22:00           0           0           0           0           0           0
13/02/2021 23:00           0           0           0           0           0           0
14/02/2021 00:00           0           0           0           0           0           0
14/02/2021 01:00           0           0           0           0           0           0
14/02/2021 02:00           0           0           0           0           0           0
14/02/2021 03:00           0           0           0           0           0           0
14/02/2021 04:00           0           0           0           0           0           0
14/02/2021 05:00           0           0           0           0           0           0
14/02/2021 06:00           0           0           0           0           0           0
14/02/2021 07:00           0           0           0           0           0           0
14/02/2021 08:00           0          81         272         456         696         943
14/02/2021 09:00        1246        1595        1947        2281        2510        2881
14/02/2021 10:00        2987        3189        3783        4047        4115        4429
14/02/2021 11:00        4566        4657        4918        4939        5102        5109
14/02/2021 12:00        3649        4891        5173        5398        5313        5083
14/02/2021 13:00        5345        5163        5067        4507        3608        3946
14/02/2021 14:00        3003        2353        1743        1770        1486        2374
14/02/2021 15:00        3616        2749        2078        2063        1347        1013
14/02/2021 16:00        1079         993         986         939         712         422
14/02/2021 17:00         207         208         184          49           8           0
14/02/2021 18:00           0           0           0           0           0           0
14/02/2021 19:00           0           0           0           0           0           0
14/02/2021 20:00           0           0           0           0           0           0
14/02/2021 21:00           0           0           0           0           0           0
14/02/2021 22:00           0           0           0           0           0           0
14/02/2021 23:00           0           0           0           0           0           0
15/02/2021 00:00           0           0           0           0           0           0
15/02/2021 01:00           0           0           0           0           0           0
15/02/2021 02:00           0           0           0           0           0           0
15/02/2021 03:00           0           0           0           0           0           0
15/02/2021 04:00           0           0           0           0           0           0
15/02/2021 05:00           0           0           0           0           0           0
15/02/2021 06:00           0           0           0           0           0           0
15/02/2021 07:00           0           0           0           0           0           0
15/02/2021 08:00           0           0           0          35         269         371
15/02/2021 09:00         401         532         459         601         663         606
15/02/2021 10:00         580         701         769         895         970        1430
15/02/2021 11:00        1594        1346        1415        1146        1059        1323
15/02/2021 12:00        1553        1404        1213        1643        1543        1087
15/02/2021 13:00        1264         989        1307        1354         767         740
15/02/2021 14:00         501         420         634         749         864         727
15/02/2021 15:00         539         443         498         646         892         621
15/02/2021 16:00         513         478         734         526         322         379
15/02/2021 17:00         371         234         267         116          13           0
15/02/2021 18:00           0           0           0           0           0           0
15/02/2021 19:00           0           0           0           0           0           0
15/02/2021 20:00           0           0           0           0           0           0
15/02/2021 21:00           0           0           0           0           0           0
15/02/2021 22:00           0           0           0           0           0           0
15/02/2021 23:00           0           0           0           0           0           0
16/02/2021 00:00           0           0           0           0           0           0
16/02/2021 01:00           0           0           0           0           0           0
16/02/2021 02:00           0           0           0           0           0           0
16/02/2021 03:00           0           0           0           0           0           0
16/02/2021 04:00           0           0           0           0           0           0
16/02/2021 05:00           0           0           0           0           0           0
16/02/2021 06:00           0           0           0           0           0           0
16/02/2021 07:00           0           0           0           0           0           0
16/02/2021 08:00           0         140         277         364         646         910
16/02/2021 09:00        1327        1381        1645        1861        2358        2872
16/02/2021 10:00        3108        3400        3230        3237        2720        3477
16/02/2021 11:00        4533        3525        3686        3282        3586        4475
16/02/2021 12:00        3504        2735        2147        1741        1879        1989
16/02/2021 13:00        2378        3171        3104        2866        2635        2469
16/02/2021 14:00        2069        2070        2145        2007        1941        1633
16/02/2021 15:00        1280        1556        1530        1328         775         771
16/02/2021 16:00         479         284         188         137          71           1
16/02/2021 17:00           0           0           0           0           0           0
16/02/2021 18:00           0           0           0           0           0           0
16/02/2021 19:00           0           0           0           0           0           0
16/02/2021 20:00           0           0           0           0           0           0
16/02/2021 21:00           0           0           0           0           0           0
16/02/2021 22:00           0           0           0           0           0           0
16/02/2021 23:00           0           0           0           0           0           0
17/02/2021 00:00           0           0           0           0           0           0
17/02/2021 01:00           0           0           0           0           0           0
17/02/2021 02:00           0           0           0           0           0           0
17/02/2021 03:00           0           0           0           0           0           0
17/02/2021 04:00           0           0           0           0           0           0
17/02/2021 05:00           0           0           0           0           0           0
17/02/2021 06:00           0           0           0           0           0           0
17/02/2021 07:00           0           0           0           0           0           0
17/02/2021 08:00           0           0           0         136         179         251
17/02/2021 09:00         281         363         333         427         584         610
17/02/2021 10:00        1150        1450        1362        1111         523         849
17/02/2021 11:00         913        1360        1708         717        1278        1909
17/02/2021 12:00        1599         958        1170        1971        2124        1703
17/02/2021 13:00        2245        2339        4193        2351        2620        1939
17/02/2021 14:00         965        1512        1729        1483         906         914
17/02/2021 15:00        1126        1700        3605        1733        1131        2391
17/02/2021 16:00        2390        2264        1233         482         528         412
17/02/2021 17:00         572         628         374         272         162          15
17/02/2021 18:00           0           0           0           0           0           0
17/02/2021 19:00           0           0           0           0           0           0
17/02/2021 20:00           0           0           0           0           0           0
17/02/2021 21:00           0           0           0           0           0           0
17/02/2021 22:00           0           0           0           0           0           0
17/02/2021 23:00           0           0           0           0           0           0
18/02/2021 00:00           0           0           0           0           0           0
18/02/2021 01:00           0           0           0           0           0           0
18/02/2021 02:00           0           0           0           0           0           0
18/02/2021 03:00           0           0           0           0           0           0
18/02/2021 04:00           0           0           0           0           0           0
18/02/2021 05:00           0           0           0           0           0           0
18/02/2021 06:00           0           0           0           0           0           0
18/02/2021 07:00           0           0           0           0           0           0
18/02/2021 08:00           0           0           0           0           0           0
18/02/2021 09:00           0           0         192         458         531         506
18/02/2021 10:00         559         421         623         695         464         897
18/02/2021 11:00         537         370         841         774         621         744
18/02/2021 12:00         480         375         670         588         479         366
18/02/2021 13:00         607        1249        1438         524         290         372
18/02/2021 14:00         482         425         248         143         212         294
18/02/2021 15:00         333         324         344         288         172         234
18/02/2021 16:00         207         130         138          88          96           0
18/02/2021 17:00         152         143          15           0           0          86
18/02/2021 18:00          45           0           0           0           0           0
18/02/2021 19:00           0           0           0           0           0           0
18/02/2021 20:00           0           0           0           0           0           0
18/02/2021 21:00           0           0           0           0           0           0
18/02/2021 22:00           0           0           0           0           0           0
18/02/2021 23:00           0           0           0           0           0           0
19/02/2021 00:00           0           0           0           0           0           0
19/02/2021 01:00           0           0           0           0           0           0
19/02/2021 02:00           0           0           0           0           0           0
19/02/2021 03:00           0           0           0           0           0           0
19/02/2021 04:00           0           0           0           0           0           0
19/02/2021 05:00           0           0           0           0           0           0
19/02/2021 06:00           0           0           0           0           0           0
19/02/2021 07:00           0           0           0           0           0           0
19/02/2021 08:00           0          26         156         502         514         338
19/02/2021 09:00         263         191         409         705         696         672
19/02/2021 10:00         926         808         937        1687        1031        1619
19/02/2021 11:00        1750        1767        1470        1802        1792        1758
19/02/2021 12:00        1738        1566        1720        1603        1615        2034
19/02/2021 13:00        2866        2692        1943        2494        3546        3529
19/02/2021 14:00        2078        2365        2078        1486        2214        3764
19/02/2021 15:00        4589        3555        1432        1850        1651        1504
19/02/2021 16:00        1525        1722        1071        1142         948        1099
19/02/2021 17:00         910         450         283          91          64          17
19/02/2021 18:00           0           0           0           0           0           0
19/02/2021 19:00           0           0           0           0           0           0
19/02/2021 20:00           0           0           0           0           0           0
19/02/2021 21:00           0           0           0           0           0           0
19/02/2021 22:00           0           0           0           0           0           0
19/02/2021 23:00           0           0           0           0           0           0
20/02/2021 00:00           0           0           0           0           0           0
20/02/2021 01:00           0           0           0           0           0           0
20/02/2021 02:00           0           0           0           0           0           0
20/02/2021 03:00           0           0           0           0           0           0
20/02/2021 04:00           0           0           0           0           0           0
20/02/2021 05:00           0           0           0           0           0           0
20/02/2021 06:00           0           0           0           0           0           0
20/02/2021 07:00           0           0           0           0           0           0
20/02/2021 08:00           0          86         311         576         739        1002
20/02/2021 09:00        1219        1053        1546        2038        2572        2592
20/02/2021 10:00        3096        3796        4045        3989        3785        4098
20/02/2021 11:00        2649        3817        3886        2381        3735        3239
20/02/2021 12:00        4616        4141        4064        3676        4780        4273
20/02/2021 13:00        4090        2615        3766        3304        2596        2410
20/02/2021 14:00        2541        3070        3955        1902        1833        1802
20/02/2021 15:00        1871        1539        1559        1908        2280        1890
20/02/2021 16:00        1432        1504        1215        1472        1453         945
20/02/2021 17:00         716         467         377         273         162          57
20/02/2021 18:00           0           0           0           0           0           0
20/02/2021 19:00           0           0           0           0           0           0
20/02/2021 20:00           0           0           0           0           0           0
20/02/2021 21:00           0           0           0           0           0           0
20/02/2021 22:00           0           0           0           0           0           0
20/02/2021 23:00           0           0           0           0           0           0
21/02/2021 00:00           0           0           0           0           0           0
21/02/2021 01:00           0           0           0           0           0           0
21/02/2021 02:00           0           0           0           0           0           0
21/02/2021 03:00           0           0           0           0           0           0
21/02/2021 04:00           0           0           0           0           0           0
21/02/2021 05:00           0           0           0           0           0           0
21/02/2021 06:00           0           0           0           0           0           0
21/02/2021 07:00           0           0           0           0           0          30
21/02/2021 08:00         197         303         354         420         573        1017
21/02/2021 09:00        1581        1898        2203        2627        2573        2623
21/02/2021 10:00        2106        2137        2512        2566        3068        3733
21/02/2021 11:00        4119        4514        4661        4303        4599        4822
21/02/2021 12:00        4871        5053        4875        4268        4919        4556
21/02/2021 13:00        4683        4962        4781        4900        5013        4868
21/02/2021 14:00        4601        4185        4086        4392        4455        4243
21/02/2021 15:00        4108        3948        3532        1263        1054         776
21/02/2021 16:00         523         510         464         406         377         377
21/02/2021 17:00         446         397         265          72           0           0
21/02/2021 18:00           0           0           0           0           0           0
21/02/2021 19:00           0           0           0           0           0           0
21/02/2021 20:00           0           0           0           0           0           0
21/02/2021 21:00           0           0           0           0           0           0
21/02/2021 22:00           0           0           0           0           0           0
21/02/2021 23:00           0           0           0           0           0           0
22/02/2021 00:00           0           0           0           0           0           0
22/02/2021 01:00           0           0           0           0           0           0
22/02/2021 02:00           0           0           0           0           0           0
22/02/2021 03:00           0           0           0           0           0           0
22/02/2021 04:00           0           0           0           0           0           0
22/02/2021 05:00           0           0           0           0           0           0
22/02/2021 06:00           0           0           0           0           0           0
22/02/2021 07:00           0           0           0           0           0           0
22/02/2021 08:00           0           0           0           0          82         333
22/02/2021 09:00         339         402         533         658         574         801
22/02/2021 10:00         593         763         672         400         453         687
22/02/2021 11:00         567         361         422         354         294         388
22/02/2021 12:00         548         841         628         597         583         611
22/02/2021 13:00         799         975        1241        1366         952         842
22/02/2021 14:00         873         805         790         752         596         495
22/02/2021 15:00         368         311         352         350         515         822
22/02/2021 16:00         753         413         244         234          20           0
22/02/2021 17:00          63          22           0           0           0           0
22/02/2021 18:00           0           0           0           0           0           0
22/02/2021 19:00           0           0           0           0           0           0
22/02/2021 20:00           0           0           0           0           0           0
22/02/2021 21:00           0           0           0           0           0           0
22/02/2021 22:00           0           0           0           0           0           0
22/02/2021 23:00           0           0           0           0           0           0
23/02/2021 00:00           0           0           0           0           0           0
23/02/2021 01:00           0           0           0           0           0           0
23/02/2021 02:00           0           0           0           0           0           0
23/02/2021 03:00           0           0           0           0           0           0
23/02/2021 04:00           0           0           0           0           0           0
23/02/2021 05:00           0           0           0           0           0           0
23/02/2021 06:00           0           0           0           0           0           0
23/02/2021 07:00           0           0           0           0           0           0
23/02/2021 08:00           0           0          52          76         163         197
23/02/2021 09:00         226         612         302         298         372         383
23/02/2021 10:00         942        1424        1551        1918        1706        2657
23/02/2021 11:00        3025        3182        4392        4727        4745        4886
23/02/2021 12:00        4988        5057        5092        5051        5151        5173
23/02/2021 13:00        4737        3969        4282        3593        4087        3687
23/02/2021 14:00        2784        2940        2446        2448        2534        1605
23/02/2021 15:00        1658        1395        1270        1000        2227        1559
23/02/2021 16:00        1014         811         865        1885        1593         847
23/02/2021 17:00         769         865         532         396         277         171
23/02/2021 18:00          33           0           0           0           0           0
23/02/2021 19:00           0           0           0           0           0           0
23/02/2021 20:00           0           0           0           0           0           0
23/02/2021 21:00           0           0           0           0           0           0
23/02/2021 22:00           0           0           0           0           0           0
23/02/2021 23:00           0           0           0           0           0           0
24/02/2021 00:00           0           0           0           0           0           0
24/02/2021 01:00           0           0           0           0           0           0
24/02/2021 02:00           0           0           0           0           0           0
24/02/2021 03:00           0           0           0           0           0           0
24/02/2021 04:00           0           0           0           0           0           0
24/02/2021 05:00           0           0           0           0           0           0
24/02/2021 06:00           0           0           0           0           0           0
24/02/2021 07:00           0           0           0           0           0           0
24/02/2021 08:00           0           0           0         263         346         486
24/02/2021 09:00         544         703         644         827        1130        1181
24/02/2021 10:00        2226        2806        2637        2150        1012        1644
24/02/2021 11:00        1767        2632        3306        1388        2474        3695
24/02/2021 12:00        3095        1854        2265        3815        4111        3296
24/02/2021 13:00        4346        4527        8116        4551        5071        3753
24/02/2021 14:00        1868        2927        3346        2871        1753        1770
24/02/2021 15:00        2179        3291        6977        3355        2189        4628
24/02/2021 16:00        4626        4382        2387         933        1022         797
24/02/2021 17:00        1107        1216         724         526         314          29
24/02/2021 18:00           0           0           0           0           0           0
24/02/2021 19:00           0           0           0           0           0           0
24/02/2021 20:00           0           0           0           0           0           0
24/02/2021 21:00           0           0           0           0           0           0
24/02/2021 22:00           0           0           0           0           0           0
24/02/2021 23:00           0           0           0           0           0           0
25/02/2021 00:00           0           0           0           0           0           0
25/02/2021 01:00           0           0           0           0           0           0
25/02/2021 02:00           0           0           0           0           0           0
25/02/2021 03:00           0           0           0           0           0           0
25/02/2021 04:00           0           0           0           0           0           0
25/02/2021 05:00           0           0           0           0           0           0
25/02/2021 06:00           0           0           0           0           0           0
25/02/2021 07:00           0           0           0           0           0           0
25/02/2021 08:00           0           0           0           0           0           0
25/02/2021 09:00           0           0         372         886        1028         979
25/02/2021 10:00        1082         815        1206        1345         898        1737
25/02/2021 11:00        1039         716        1628        1498        1202        1440
25/02/2021 12:00         929         726        1297        1138         927         709
25/02/2021 13:00        1175        2417        2784        1014         561         720
25/02/2021 14:00         933         823         480         277         410         569
25/02/2021 15:00         645         627         666         557         333         453
25/02/2021 16:00         401         251         267         171         186           0
25/02/2021 17:00         294         277          29           0           0         166
25/02/2021 18:00          87           0           0           0           0           0
25/02/2021 19:00           0           0           0           0           0           0
25/02/2021 20:00           0           0           0           0           0           0
25/02/2021 21:00           0           0           0           0           0           0
25/02/2021 22:00           0           0           0           0           0           0
25/02/2021 23:00           0           0           0           0           0           0
26/02/2021 00:00           0           0           0           0           0           0
26/02/2021 01:00           0           0           0           0           0           0
26/02/2021 02:00           0           0           0           0           0           0
26/02/2021 03:00           0           0           0           0           0           0
26/02/2021 04:00           0           0           0           0           0           0
26/02/2021 05:00           0           0           0           0           0           0
26/02/2021 06:00           0           0           0           0           0           0
26/02/2021 07:00           0           0           0           0           0           0
26/02/2021 08:00           0          51         301         972         995         654
26/02/2021 09:00         509         370         792        1364        1347        1301
26/02/2021 10:00        1793        1564        1813        3266        1995        3134
26/02/2021 11:00        3387        3420        2846        3488        3468        3403
26/02/2021 12:00        3364        3031        3329        3103        3126        3937
26/02/2021 13:00        5548        5210        3761        4828        6863        6831
26/02/2021 14:00        4022        4578        4022        2876        4286        7285
26/02/2021 15:00        8883        6881        2772        3580        3196        2911
26/02/2021 16:00        2952        3333        2073        2211        1835        2127
26/02/2021 17:00        1761         871         548         176         124          33
26/02/2021 18:00           0           0           0           0           0           0
26/02/2021 19:00           0           0           0           0           0           0
26/02/2021 20:00           0           0           0           0           0           0
26/02/2021 21:00           0           0           0           0           0           0
26/02/2021 22:00           0           0           0           0           0           0
26/02/2021 23:00           0           0           0           0           0           0
27/02/2021 00:00           0           0           0           0           0           0
27/02/2021 01:00           0           0           0           0           0           0
27/02/2021 02:00           0           0           0           0           0           0
27/02/2021 03:00           0           0           0           0           0           0
27/02/2021 04:00           0           0           0           0           0           0
27/02/2021 05:00           0           0           0           0           0           0
27/02/2021 06:00           0           0           0           0           0           0
27/02/2021 07:00           0           0           0           0           0           0
27/02/2021 08:00           0         166         602        1115        1431        1939
27/02/2021 09:00        2360        2038        2992        3945        4978        5017
27/02/2021 10:00        5993        7348        7829        7721        7326        7932
27/02/2021 11:00        5128        7388        7522        4608        7230        6269
27/02/2021 12:00        8935        8015        7867        7115        9252        8271
27/02/2021 13:00        7916        5062        7290        6395        5025        4664
27/02/2021 14:00        4919        5942        7655        3682        3548        3488
27/02/2021 15:00        3621        2979        3018        3693        4413        3658
27/02/2021 16:00        2772        2911        2352        2849        2813        1829
27/02/2021 17:00        1386         904         729         529         313         111
27/02/2021 18:00           0           0           0           0           0           0
27/02/2021 19:00           0           0           0           0           0           0
27/02/2021 20:00           0           0           0           0           0           0
27/02/2021 21:00           0           0           0           0           0           0
27/02/2021 22:00           0           0           0           0           0           0
27/02/2021 23:00           0           0           0           0           0           0
28/02/2021 00:00           0           0           0           0           0           0
28/02/2021 01:00           0           0           0           0           0           0
28/02/2021 02:00           0           0           0           0           0           0
28/02/2021 03:00           0           0           0           0           0           0
28/02/2021 04:00           0           0           0           0           0           0
28/02/2021 05:00           0           0           0           0           0           0
28/02/2021 06:00           0           0           0           0           0           0
28/02/2021 07:00           0           0           0           0           0          58
28/02/2021 08:00         381         586         686         813        1109        1968
28/02/2021 09:00        3060        3674        4264        5085        4980        5077
28/02/2021 10:00        4077        4136        4862        4967        5939        7225
28/02/2021 11:00        7973        8737        9022        8329        8902        9333
28/02/2021 12:00        9428        9781        9436        8261        9521        8819
28/02/2021 13:00        9064        9605        9254        9484        9704        9422
28/02/2021 14:00        8906        8100        7909        8501        8623        8213
28/02/2021 15:00        7952        7641        6837        2444        2041        1502
28/02/2021 16:00        1012         987         898         786         730         729
28/02/2021 17:00         864         768         513         140           0           0
28/02/2021 18:00           0           0           0           0           0           0
28/02/2021 19:00           0           0           0           0           0           0
28/02/2021 20:00           0           0           0           0           0           0
28/02/2021 21:00           0           0           0           0           0           0
28/02/2021 22:00           0           0           0           0           0           0
28/02/2021 23:00           0           0           0           0           0           0
01/03/2021 00:00           0           0           0           0           0           0
01/03/2021 01:00           0           0           0           0           0           0
