01/11/2020 02:00           0           0           0           0           0           0
01/11/2020 03:00           0           0           0           0           0           0
01/11/2020 04:00           0           0           0           0           0           0
01/11/2020 05:00           0           0           0           0           0           0
01/11/2020 06:00           0           0           0           0           0           0
01/11/2020 07:00           0           0           0           0           0           0
01/11/2020 08:00           0           0           0           0           0           0
01/11/2020 09:00           0           0           0           0           0           7
01/11/2020 10:00          95          88         110         288         303         281
01/11/2020 11:00         281         186         432         378         176         257
01/11/2020 12:00         170         179         134          53         100         223
01/11/2020 13:00         377         243         233         285         276         339
01/11/2020 14:00         365         378         239         291         357         449
01/11/2020 15:00         427         533         545         293         163         151
01/11/2020 16:00         150         114         142         289         293         258
01/11/2020 17:00         183          27           2          20           0           0
01/11/2020 18:00           0           0           0           0           0           0
01/11/2020 19:00           0           0           0           0           0           0
01/11/2020 20:00           0           0           0           0           0           0
01/11/2020 21:00           0           0           0           0           0           0
01/11/2020 22:00           0           0           0           0           0           0
01/11/2020 23:00           0           0           0           0           0           0
02/11/2020 00:00           0           0           0           0           0           0
02/11/2020 01:00           0           0           0           0           0           0
02/11/2020 02:00           0           0           0           0           0           0
02/11/2020 03:00           0           0           0           0           0           0
02/11/2020 04:00           0           0           0           0           0           0
02/11/2020 05:00           0           0           0           0           0           0
02/11/2020 06:00           0           0           0           0           0           0
02/11/2020 07:00           0           0           0           0           0           0
02/11/2020 08:00           0           0           0           0           0           0
02/11/2020 09:00           0          57         121         218         350         636
02/11/2020 10:00        1446        1438         907        1053         998         777
02/11/2020 11:00         826        1122        1338        1265         832         893
02/11/2020 12:00        1255         896        1190         659         474         581
02/11/2020 13:00         862         929         940         663         656         423
02/11/2020 14:00         666         701         452         375         493         484
02/11/2020 15:00         298         240         183         210         277         286
02/11/2020 16:00         353         339         248         174         159         169
02/11/2020 17:00         119          71           0           0           0           0
02/11/2020 18:00           0           0           0           0           0           0
02/11/2020 19:00           0           0           0           0           0           0
02/11/2020 20:00           0           0           0           0           0           0
02/11/2020 21:00           0           0           0           0           0           0
02/11/2020 22:00           0           0           0           0           0           0
02/11/2020 23:00           0           0           0           0           0           0
03/11/2020 00:00           0           0           0           0           0           0
03/11/2020 01:00           0           0           0           0           0           0
03/11/2020 02:00           0           0           0           0           0           0
03/11/2020 03:00           0           0           0           0           0           0
03/11/2020 04:00           0           0           0           0           0           0
03/11/2020 05:00           0           0           0           0           0           0
03/11/2020 06:00           0           0           0           0           0           0
03/11/2020 07:00           0           0           0           0           0           0
03/11/2020 08:00           0           0           0           0           0          22
03/11/2020 09:00          17         180         201         161         227         358
03/11/2020 10:00         292         323         523        1724        2325        2034
03/11/2020 11:00        1104         590         553         648         688         758
03/11/2020 12:00         917        1683        2084        1257        1042        1028
03/11/2020 13:00         796        1115        1481        3021        3483        5077
03/11/2020 14:00        4066        2792        2310        5081        3376         747
03/11/2020 15:00         682        1069        1232         611        1462        2960
03/11/2020 16:00        2804        2682        2570        1582        1383        1122
03/11/2020 17:00         752         617         191         210         374         208
03/11/2020 18:00          10           0           0           0           0           0
03/11/2020 19:00           0           0           0           0           0           0
03/11/2020 20:00           0           0           0           0           0           0
03/11/2020 21:00           0           0           0           0           0           0
03/11/2020 22:00           0           0           0           0           0           0
03/11/2020 23:00           0           0           0           0           0           0
04/11/2020 00:00           0           0           0           0           0           0
04/11/2020 01:00           0           0           0           0           0           0
04/11/2020 02:00           0           0           0           0           0           0
04/11/2020 03:00           0           0           0           0           0           0
04/11/2020 04:00           0           0           0           0           0           0
04/11/2020 05:00           0           0           0           0           0           0
04/11/2020 06:00           0           0           0           0           0           0
04/11/2020 07:00           0           0           0           0           0           0
04/11/2020 08:00           0           0           0           0           0          10
04/11/2020 09:00         192         338         498         695         913        1158
04/11/2020 10:00        1425        1725        2036        2340        2611        2857
04/11/2020 11:00        3093        3365        3589        3777        3953        4106
04/11/2020 12:00        4242        4335        4414        4286        4560        4577
04/11/2020 13:00        4299        4683        4804        3369        1514        1723
04/11/2020 14:00        2770        3379        4248        4434        4263        3688
04/11/2020 15:00        3950        3350        3309        2765        2715        2422
04/11/2020 16:00        2640        2436        1605        1600        1405        1074
04/11/2020 17:00         853         658         504         403         281         154
04/11/2020 18:00          33           0           0           0           0           0
04/11/2020 19:00           0           0           0           0           0           0
04/11/2020 20:00           0           0           0           0           0           0
04/11/2020 21:00           0           0           0           0           0           0
04/11/2020 22:00           0           0           0           0           0           0
04/11/2020 23:00           0           0           0           0           0           0
05/11/2020 00:00           0           0           0           0           0           0
05/11/2020 01:00           0           0           0           0           0           0
05/11/2020 02:00           0           0           0           0           0           0
05/11/2020 03:00           0           0           0           0           0           0
05/11/2020 04:00           0           0           0           0           0           0
05/11/2020 05:00           0           0           0           0           0           0
05/11/2020 06:00           0           0           0           0           0           0
05/11/2020 07:00           0           0           0           0           0           0
05/11/2020 08:00           0           0           0           0           2          79
05/11/2020 09:00         207         337         495         690         891        1101
05/11/2020 10:00        1328        1602        1895        2191        2467        2730
05/11/2020 11:00        2983        3269        3519        3737        3918        4075
05/11/2020 12:00        4228        4352        4439        4538        4584        4622
05/11/2020 13:00        4651        4656        4666        4631        4601        4581
05/11/2020 14:00        4522        4457        4380        4246        4105        3967
05/11/2020 15:00        3803        3633        3457        3246        3017        2790
05/11/2020 16:00        2524        2211        1862        1538        1256        1023
05/11/2020 17:00         802         646         504         399         272         152
05/11/2020 18:00          39           0           0           0           0           0
05/11/2020 19:00           0           0           0           0           0           0
05/11/2020 20:00           0           0           0           0           0           0
05/11/2020 21:00           0           0           0           0           0           0
05/11/2020 22:00           0           0           0           0           0           0
05/11/2020 23:00           0           0           0           0           0           0
06/11/2020 00:00           0           0           0           0           0           0
06/11/2020 01:00           0           0           0           0           0           0
06/11/2020 02:00           0           0           0           0           0           0
06/11/2020 03:00           0           0           0           0           0           0
06/11/2020 04:00           0           0           0           0           0           0
06/11/2020 05:00           0           0           0           0           0           0
06/11/2020 06:00           0           0           0           0           0           0
06/11/2020 07:00           0           0           0           0           0           0
06/11/2020 08:00           0           0           0           0           0          25
06/11/2020 09:00         169         285         427         605         807        1017
06/11/2020 10:00        1268        1541        1832        2134        2446        2719
06/11/2020 11:00        2969        3232        3474        3684        3691        4021
06/11/2020 12:00        4143        4346        4031        4590        3834        2018
06/11/2020 13:00        1655        1517        1407        1176        1031        1008
06/11/2020 14:00        1113        1173        1216        1174        1080        1139
06/11/2020 15:00        1239        1005        1077        1094         999         860
06/11/2020 16:00         635         643         671         877        1441        1514
06/11/2020 17:00        1309        1045         776         575         371         167
06/11/2020 18:00          20           0           0           0           0           0
06/11/2020 19:00           0           0           0           0           0           0
06/11/2020 20:00           0           0           0           0           0           0
06/11/2020 21:00           0           0           0           0           0           0
06/11/2020 22:00           0           0           0           0           0           0
06/11/2020 23:00           0           0           0           0           0           0
07/11/2020 00:00           0           0           0           0           0           0
07/11/2020 01:00           0           0           0           0           0           0
07/11/2020 02:00           0           0           0           0           0           0
07/11/2020 03:00           0           0           0           0           0           0
07/11/2020 04:00           0           0           0           0           0           0
07/11/2020 05:00           0           0           0           0           0           0
07/11/2020 06:00           0           0           0           0           0           0
07/11/2020 07:00           0           0           0           0           0           0
07/11/2020 08:00           0           0           0           0           0           0
07/11/2020 09:00          29          57         167         247         288         574
07/11/2020 10:00         905        1027         894        1865        1314        1061
07/11/2020 11:00        1579        2848        2996        3139        3220        3277
07/11/2020 12:00        3175        3721        3913        3894        4023        4058
07/11/2020 13:00        3235        2483        3325        3827        4312        4059
07/11/2020 14:00        3881        3324        2877        2066        1498        1233
07/11/2020 15:00        1216        1370        2000        2299        2349        1902
07/11/2020 16:00        1811        1559        1261         964         808         701
07/11/2020 17:00         630         577         436         294         173          32
07/11/2020 18:00           0           0           0           0           0           0
07/11/2020 19:00           0           0           0           0           0           0
07/11/2020 20:00           0           0           0           0           0           0
07/11/2020 21:00           0           0           0           0           0           0
07/11/2020 22:00           0           0           0           0           0           0
07/11/2020 23:00           0           0           0           0           0           0
08/11/2020 00:00           0           0           0           0           0           0
08/11/2020 01:00           0           0           0           0           0           0
08/11/2020 02:00           0           0           0           0           0           0
08/11/2020 03:00           0           0           0           0           0           0
08/11/2020 04:00           0           0           0           0           0           0
08/11/2020 05:00           0           0           0           0           0           0
08/11/2020 06:00           0           0           0           0           0           0
08/11/2020 07:00           0           0           0           0           0           0
08/11/2020 08:00           0           0           0           0           0           0
08/11/2020 09:00           0          40         147         291         468         652
08/11/2020 10:00         631         555         470         420         354         422
08/11/2020 11:00         460         654         680         658         810        1168
08/11/2020 12:00        1126        1341        1181        1101         822        1039
08/11/2020 13:00        1458        2182        3024        3225        2804        2061
08/11/2020 14:00        1692        1101        1155         732         779         963
08/11/2020 15:00         960        1213        1667        1272        1010         973
08/11/2020 16:00         791         760         530         458         594         657
08/11/2020 17:00         516         382         319         152          15           0
08/11/2020 18:00           0           0           0           0           0           0
08/11/2020 19:00           0           0           0           0           0           0
08/11/2020 20:00           0           0           0           0           0           0
08/11/2020 21:00           0           0           0           0           0           0
08/11/2020 22:00           0           0           0           0           0           0
08/11/2020 23:00           0           0           0           0           0           0
09/11/2020 00:00           0           0           0           0           0           0
09/11/2020 01:00           0           0           0           0           0           0
09/11/2020 02:00           0           0           0           0           0           0
09/11/2020 03:00           0           0           0           0           0           0
09/11/2020 04:00           0           0           0           0           0           0
09/11/2020 05:00           0           0           0           0           0           0
09/11/2020 06:00           0           0           0           0           0           0
09/11/2020 07:00           0           0           0           0           0           0
09/11/2020 08:00           0           0           0           0           0           0
09/11/2020 09:00          35         200         351         529         693         862
09/11/2020 10:00        1037        1250        1478        1750        2019        2309
09/11/2020 11:00        2564        2806        3025        3240        3451        3634
09/11/2020 12:00        3785        3908        4003        4071        4143        4190
09/11/2020 13:00        4223        4201        4149        4225        4150        3944
09/11/2020 14:00        4093        4002        3892        3711        3620        3095
09/11/2020 15:00        3363        3179        3061        2693        2060        2097
09/11/2020 16:00        1731        1574        1282         866         674         696
09/11/2020 17:00         521         478         352         222         158          59
09/11/2020 18:00           0           0           0           0           0           0
09/11/2020 19:00           0           0           0           0           0           0
09/11/2020 20:00           0           0           0           0           0           0
09/11/2020 21:00           0           0           0           0           0           0
09/11/2020 22:00           0           0           0           0           0           0
09/11/2020 23:00           0           0           0           0           0           0
10/11/2020 00:00           0           0           0           0           0           0
10/11/2020 01:00           0           0           0           0           0           0
10/11/2020 02:00           0           0           0           0           0           0
10/11/2020 03:00           0           0           0           0           0           0
10/11/2020 04:00           0           0           0           0           0           0
10/11/2020 05:00           0           0           0           0           0           0
10/11/2020 06:00           0           0           0           0           0           0
10/11/2020 07:00           0           0           0           0           0           0
10/11/2020 08:00           0           0           0           0           0           0
10/11/2020 09:00           0           0           0           0           0          31
10/11/2020 10:00          67         112          23          56          79         173
10/11/2020 11:00         305         358         354         693         707         595
10/11/2020 12:00        1359        1739        1009         663         951         898
10/11/2020 13:00         584         757        1000         718         558         450
10/11/2020 14:00         623         654         608         650         457         442
10/11/2020 15:00         490         642         529         392         631         710
10/11/2020 16:00         478         416         426         361         330         291
10/11/2020 17:00         293         151           1           0           0           0
10/11/2020 18:00           0           0           0           0           0           0
10/11/2020 19:00           0           0           0           0           0           0
10/11/2020 20:00           0           0           0           0           0           0
10/11/2020 21:00           0           0           0           0           0           0
10/11/2020 22:00           0           0           0           0           0           0
10/11/2020 23:00           0           0           0           0           0           0
11/11/2020 00:00           0           0           0           0           0           0
11/11/2020 01:00           0           0           0           0           0           0
11/11/2020 02:00           0           0           0           0           0           0
11/11/2020 03:00           0           0           0           0           0           0
11/11/2020 04:00           0           0           0           0           0           0
11/11/2020 05:00           0           0           0           0           0           0
11/11/2020 06:00           0           0           0           0           0           0
11/11/2020 07:00           0           0           0           0           0           0
11/11/2020 08:00           0           0           0           0           0           0
11/11/2020 09:00           0           0           0           0         100         202
11/11/2020 10:00         288         340         460         465         349         412
11/11/2020 11:00         529         515         527         507         566         721
11/11/2020 12:00         648         573         757         740         784         731
11/11/2020 13:00         800         960        1251        2382        2739        1849
11/11/2020 14:00        1619        1802        1991        1651         982         560
11/11/2020 15:00         518         565         520         380         343         168
11/11/2020 16:00         177         260         275          21           0           0
11/11/2020 17:00           0           5          67          24           0           0
11/11/2020 18:00           0           0           0           0           0           0
11/11/2020 19:00           0           0           0           0           0           0
11/11/2020 20:00           0           0           0           0           0           0
11/11/2020 21:00           0           0           0           0           0           0
11/11/2020 22:00           0           0           0           0           0           0
11/11/2020 23:00           0           0           0           0           0           0
12/11/2020 00:00           0           0           0           0           0           0
12/11/2020 01:00           0           0           0           0           0           0
12/11/2020 02:00           0           0           0           0           0           0
12/11/2020 03:00           0           0           0           0           0           0
12/11/2020 04:00           0           0           0           0           0           0
12/11/2020 05:00           0           0           0           0           0           0
12/11/2020 06:00           0           0           0           0           0           0
12/11/2020 07:00           0           0           0           0           0           0
12/11/2020 08:00           0           0           0           0           0           0
12/11/2020 09:00          13         111         165         319         532         749
12/11/2020 10:00         857        1105        1340        1498        1802        2057
12/11/2020 11:00        2287        2585        2764        3061        3301        3424
12/11/2020 12:00        3666        3828        3658        2303        1829        2178
12/11/2020 13:00        2111        3942        2469        3297        3293        2782
12/11/2020 14:00        2136        3765        3086        3397        1671        3372
12/11/2020 15:00        3091        2706        2449        2274        2277        1856
12/11/2020 16:00        1715        1611        1337        1327        1036         806
12/11/2020 17:00         607         538         401         256         130          19
12/11/2020 18:00           0           0           0           0           0           0
12/11/2020 19:00           0           0           0           0           0           0
12/11/2020 20:00           0           0           0           0           0           0
12/11/2020 21:00           0           0           0           0           0           0
12/11/2020 22:00           0           0           0           0           0           0
12/11/2020 23:00           0           0           0           0           0           0
13/11/2020 00:00           0           0           0           0           0           0
13/11/2020 01:00           0           0           0           0           0           0
13/11/2020 02:00           0           0           0           0           0           0
13/11/2020 03:00           0           0           0           0           0           0
13/11/2020 04:00           0           0           0           0           0           0
13/11/2020 05:00           0           0           0           0           0           0
13/11/2020 06:00           0           0           0           0           0           0
13/11/2020 07:00           0           0           0           0           0           0
13/11/2020 08:00           0           0           0           0           0           0
13/11/2020 09:00           0           0          19          77         234         371
13/11/2020 10:00         314         418         498         767         861         583
13/11/2020 11:00         442         330         486         467         432         667
13/11/2020 12:00        1198        1088        1097         987         866         842
13/11/2020 13:00         801        1003        1054        1432        1024        1490
13/11/2020 14:00        1186         871         881         924         690         638
13/11/2020 15:00         684         949         965         865         843         560
13/11/2020 16:00         743         940         801         510         387         386
13/11/2020 17:00         313         185         134          22           0           0
13/11/2020 18:00           0           0           0           0           0           0
13/11/2020 19:00           0           0           0           0           0           0
13/11/2020 20:00           0           0           0           0           0           0
13/11/2020 21:00           0           0           0           0           0           0
13/11/2020 22:00           0           0           0           0           0           0
13/11/2020 23:00           0           0           0           0           0           0
14/11/2020 00:00           0           0           0           0           0           0
14/11/2020 01:00           0           0           0           0           0           0
14/11/2020 02:00           0           0           0           0           0           0
14/11/2020 03:00           0           0           0           0           0           0
14/11/2020 04:00           0           0           0           0           0           0
14/11/2020 05:00           0           0           0           0           0           0
14/11/2020 06:00           0           0           0           0           0           0
14/11/2020 07:00           0           0           0           0           0           0
14/11/2020 08:00           0           0           0           0           0           0
14/11/2020 09:00           0           0           0           0          47          99
14/11/2020 10:00         181         240         460         464         519         536
14/11/2020 11:00         511         689         853        1265        1716        3059
14/11/2020 12:00        3386        3598        3722        3713        3776        3925
14/11/2020 13:00        4050        4141        4170        4271        3994        3209
14/11/2020 14:00        2583        3972        3196        2499        1961        1802
14/11/2020 15:00        3506        1144        1220        1047        1219         763
14/11/2020 16:00        1513         846         581         674        1266         628
14/11/2020 17:00         298         177         122          50           2           0
14/11/2020 18:00           0           0           0           0           0           0
14/11/2020 19:00           0           0           0           0           0           0
14/11/2020 20:00           0           0           0           0           0           0
14/11/2020 21:00           0           0           0           0           0           0
14/11/2020 22:00           0           0           0           0           0           0
14/11/2020 23:00           0           0           0           0           0           0
15/11/2020 00:00           0           0           0           0           0           0
15/11/2020 01:00           0           0           0           0           0           0
15/11/2020 02:00           0           0           0           0           0           0
15/11/2020 03:00           0           0           0           0           0           0
15/11/2020 04:00           0           0           0           0           0           0
15/11/2020 05:00           0           0           0           0           0           0
15/11/2020 06:00           0           0           0           0           0           0
15/11/2020 07:00           0           0           0           0           0           0
15/11/2020 08:00           0           0           0           0           0           0
15/11/2020 09:00           0           0         119         315         367         386
15/11/2020 10:00         488         494         610         436         412         425
15/11/2020 11:00         343         312         356         376         446         405
15/11/2020 12:00         317         328         413         348         509         283
15/11/2020 13:00         330         277         250         228         192         239
15/11/2020 14:00         209         328         372         311         215         157
15/11/2020 15:00          53          21           0          70         343         718
15/11/2020 16:00         657         409         446         319         118         117
15/11/2020 17:00         192         122           7           0           0           0
15/11/2020 18:00           0           0           0           0           0           0
15/11/2020 19:00           0           0           0           0           0           0
15/11/2020 20:00           0           0           0           0           0           0
15/11/2020 21:00           0           0           0           0           0           0
15/11/2020 22:00           0           0           0           0           0           0
15/11/2020 23:00           0           0           0           0           0           0
16/11/2020 00:00           0           0           0           0           0           0
16/11/2020 01:00           0           0           0           0           0           0
16/11/2020 02:00           0           0           0           0           0           0
16/11/2020 03:00           0           0           0           0           0           0
16/11/2020 04:00           0           0           0           0           0           0
16/11/2020 05:00           0           0           0           0           0           0
16/11/2020 06:00           0           0           0           0           0           0
16/11/2020 07:00           0           0           0           0           0           0
16/11/2020 08:00           0           0           0           0           0           0
16/11/2020 09:00           0           0          32         115         340         511
16/11/2020 10:00         304         324         380         342         480         740
16/11/2020 11:00        1067         885         545        1074        1296         962
16/11/2020 12:00         530         751        1093        1074        1232        1013
16/11/2020 13:00         946         729         784        1020        1208        1119
16/11/2020 14:00        1012        1231        1757        1662        1384        1023
16/11/2020 15:00         951        1126         896         852         653         350
16/11/2020 16:00         394         286         525         512         248         241
16/11/2020 17:00         182         272          93           0           0           0
16/11/2020 18:00           0           0           0           0           0           0
16/11/2020 19:00           0           0           0           0           0           0
16/11/2020 20:00           0           0           0           0           0           0
16/11/2020 21:00           0           0           0           0           0           0
16/11/2020 22:00           0           0           0           0           0           0
16/11/2020 23:00           0           0           0           0           0           0
17/11/2020 00:00           0           0           0           0           0           0
17/11/2020 01:00           0           0           0           0           0           0
17/11/2020 02:00           0           0           0           0           0           0
17/11/2020 03:00           0           0           0           0           0           0
17/11/2020 04:00           0           0           0           0           0           0
17/11/2020 05:00           0           0           0           0           0           0
17/11/2020 06:00           0           0           0           0           0           0
17/11/2020 07:00           0           0           0           0           0           0
17/11/2020 08:00           0           0           0           0           0           0
17/11/2020 09:00           0           0          45         132         223         405
17/11/2020 10:00         476         540         585         486         540         801
17/11/2020 11:00         948         816         807         807         821        1136
17/11/2020 12:00        1133        1097        1098        1385        1957        1929
17/11/2020 13:00        2036        1548        1351        1417        1144         991
17/11/2020 14:00        1009        1157        1271        1372        1542        1614
17/11/2020 15:00        1934        1235         867         707         666         561
17/11/2020 16:00         502         468         411         301         182         148
17/11/2020 17:00         270         266         156          42           0           0
17/11/2020 18:00           0           0           0           0           0           0
17/11/2020 19:00           0           0           0           0           0           0
17/11/2020 20:00           0           0           0           0           0           0
17/11/2020 21:00           0           0           0           0           0           0
17/11/2020 22:00           0           0           0           0           0           0
17/11/2020 23:00           0           0           0           0           0           0
18/11/2020 00:00           0           0           0           0           0           0
18/11/2020 01:00           0           0           0           0           0           0
18/11/2020 02:00           0           0           0           0           0           0
18/11/2020 03:00           0           0           0           0           0           0
18/11/2020 04:00           0           0           0           0           0           0
18/11/2020 05:00           0           0           0           0           0           0
18/11/2020 06:00           0           0           0           0           0           0
18/11/2020 07:00           0           0           0           0           0           0
18/11/2020 08:00           0           0           0           0           0           0
18/11/2020 09:00           0          26         162         293         433         598
18/11/2020 10:00         782         953        1103        1295        1474        1666
18/11/2020 11:00        1842        2072        2292        2530        2745        2953
18/11/2020 12:00        2996        3305        3452        3581        3680        3742
18/11/2020 13:00        3804        3825        3833        3812        3777        3698
18/11/2020 14:00        3650        3543        3437        3261        3109        2947
18/11/2020 15:00        2601        2502        2227        1976        1782        1569
18/11/2020 16:00        1377        1206         949         933         769         631
18/11/2020 17:00         509         388         231          68          14           0
18/11/2020 18:00           0           0           0           0           0           0
18/11/2020 19:00           0           0           0           0           0           0
18/11/2020 20:00           0           0           0           0           0           0
18/11/2020 21:00           0           0           0           0           0           0
18/11/2020 22:00           0           0           0           0           0           0
18/11/2020 23:00           0           0           0           0           0           0
19/11/2020 00:00           0           0           0           0           0           0
19/11/2020 01:00           0           0           0           0           0           0
19/11/2020 02:00           0           0           0           0           0           0
19/11/2020 03:00           0           0           0           0           0           0
19/11/2020 04:00           0           0           0           0           0           0
19/11/2020 05:00           0           0           0           0           0           0
19/11/2020 06:00           0           0           0           0           0           0
19/11/2020 07:00           0           0           0           0           0           0
19/11/2020 08:00           0           0           0           0           0           0
19/11/2020 09:00           0          11         133         264         378         538
19/11/2020 10:00         740         925        1474         680         729        1114
19/11/2020 11:00        1243        1071         896        1144        1498        2758
19/11/2020 12:00        2911        2969        3197        3373        3230        2113
19/11/2020 13:00        2114        1345        1955        1277        2743        3432
19/11/2020 14:00        1593        1691        1090         479         914         634
19/11/2020 15:00        1851        1939         879         439         519        1017
19/11/2020 16:00         340         410         907         550         314         157
19/11/2020 17:00         267         551         518         254          16           0
19/11/2020 18:00           0           0           0           0           0           0
19/11/2020 19:00           0           0           0           0           0           0
19/11/2020 20:00           0           0           0           0           0           0
19/11/2020 21:00           0           0           0           0           0           0
19/11/2020 22:00           0           0           0           0           0           0
19/11/2020 23:00           0           0           0           0           0           0
20/11/2020 00:00           0           0           0           0           0           0
20/11/2020 01:00           0           0           0           0           0           0
20/11/2020 02:00           0           0           0           0           0           0
20/11/2020 03:00           0           0           0           0           0           0
20/11/2020 04:00           0           0           0           0           0           0
20/11/2020 05:00           0           0           0           0           0           0
20/11/2020 06:00           0           0           0           0           0           0
20/11/2020 07:00           0           0           0           0           0           0
20/11/2020 08:00           0           0           0           0           0           0
20/11/2020 09:00           0          30         157         282         441         593
20/11/2020 10:00         685         923         977         915         931        1764
20/11/2020 11:00        1334        1317         814        1193        2748        2665
20/11/2020 12:00        2681        3111        3126        3254        3380        3098
20/11/2020 13:00        2821        2820        1863        2234        1867        2597
20/11/2020 14:00        2589        2149        2279        1575         864         436
20/11/2020 15:00         703        1021        1970        1370         786        1117
20/11/2020 16:00        1121        1622        1125        1194         902         699
20/11/2020 17:00         552         306         233         221         171           7
20/11/2020 18:00           0           0           0           0           0           0
20/11/2020 19:00           0           0           0           0           0           0
20/11/2020 20:00           0           0           0           0           0           0
20/11/2020 21:00           0           0           0           0           0           0
20/11/2020 22:00           0           0           0           0           0           0
20/11/2020 23:00           0           0           0           0           0           0
21/11/2020 00:00           0           0           0           0           0           0
21/11/2020 01:00           0           0           0           0           0           0
21/11/2020 02:00           0           0           0           0           0           0
21/11/2020 03:00           0           0           0           0           0           0
21/11/2020 04:00           0           0           0           0           0           0
21/11/2020 05:00           0           0           0           0           0           0
21/11/2020 06:00           0           0           0           0           0           0
21/11/2020 07:00           0           0           0           0           0           0
21/11/2020 08:00           0           0           0           0           0           0
21/11/2020 09:00           0           0          56         238         388         415
21/11/2020 10:00         677         895         985        1083        1208        1292
21/11/2020 11:00        1606        1871        1981        2236        2424        2634
21/11/2020 12:00        2800        2953        3137        3180        3347        3332
21/11/2020 13:00        3564        2687         786         868         991        1232
21/11/2020 14:00        1330        1114        2925        2995        2817        2154
21/11/2020 15:00        1206        1830        2021        1828        1631        1449
21/11/2020 16:00        1310        1152        1005         845         697         597
21/11/2020 17:00         480         350         208          96          17           0
21/11/2020 18:00           0           0           0           0           0           0
21/11/2020 19:00           0           0           0           0           0           0
21/11/2020 20:00           0           0           0           0           0           0
21/11/2020 21:00           0           0           0           0           0           0
21/11/2020 22:00           0           0           0           0           0           0
21/11/2020 23:00           0           0           0           0           0           0
22/11/2020 00:00           0           0           0           0           0           0
22/11/2020 01:00           0           0           0           0           0           0
22/11/2020 02:00           0           0           0           0           0           0
22/11/2020 03:00           0           0           0           0           0           0
22/11/2020 04:00           0           0           0           0           0           0
22/11/2020 05:00           0           0           0           0           0           0
22/11/2020 06:00           0           0           0           0           0           0
22/11/2020 07:00           0           0           0           0           0           0
22/11/2020 08:00           0           0           0           0           0           0
22/11/2020 09:00           0           0           0           0          27          47
22/11/2020 10:00         116         273         186         298         397         537
22/11/2020 11:00        1019         793         711         949        1067        1058
22/11/2020 12:00         925         777         675         554         503         625
22/11/2020 13:00         622         523         694         845         935        1082
22/11/2020 14:00        1306        1230        1090        1100        1016         996
22/11/2020 15:00        1068        1336        1710        1037        1104        1053
22/11/2020 16:00         889         630         567         528         402         426
22/11/2020 17:00         182         138          79          11           0           0
22/11/2020 18:00           0           0           0           0           0           0
22/11/2020 19:00           0           0           0           0           0           0
22/11/2020 20:00           0           0           0           0           0           0
22/11/2020 21:00           0           0           0           0           0           0
22/11/2020 22:00           0           0           0           0           0           0
22/11/2020 23:00           0           0           0           0           0           0
23/11/2020 00:00           0           0           0           0           0           0
23/11/2020 01:00           0           0           0           0           0           0
23/11/2020 02:00           0           0           0           0           0           0
23/11/2020 03:00           0           0           0           0           0           0
23/11/2020 04:00           0           0           0           0           0           0
23/11/2020 05:00           0           0           0           0           0           0
23/11/2020 06:00           0           0           0           0           0           0
23/11/2020 07:00           0           0           0           0           0           0
23/11/2020 08:00           0           0           0           0           0           0
23/11/2020 09:00           0           0           0           0           9         135
23/11/2020 10:00         231         245         349         594         431         489
23/11/2020 11:00         642         587         563         613         803         670
23/11/2020 12:00         576         810        1163        2020        1860        1713
23/11/2020 13:00         855         689         849        1113        1349        1228
23/11/2020 14:00        1141        1079         982        1103        1049         921
23/11/2020 15:00         779         840         684         686         867         722
23/11/2020 16:00         704         628         589         498         405         391
23/11/2020 17:00         367         275         195          63           0           0
23/11/2020 18:00           0           0           0           0           0           0
23/11/2020 19:00           0           0           0           0           0           0
23/11/2020 20:00           0           0           0           0           0           0
23/11/2020 21:00           0           0           0           0           0           0
23/11/2020 22:00           0           0           0           0           0           0
23/11/2020 23:00           0           0           0           0           0           0
24/11/2020 00:00           0           0           0           0           0           0
24/11/2020 01:00           0           0           0           0           0           0
24/11/2020 02:00           0           0           0           0           0           0
24/11/2020 03:00           0           0           0           0           0           0
24/11/2020 04:00           0           0           0           0           0           0
24/11/2020 05:00           0           0           0           0           0           0
24/11/2020 06:00           0           0           0           0           0           0
24/11/2020 07:00           0           0           0           0           0           0
24/11/2020 08:00           0           0           0           0           0           0
24/11/2020 09:00           0           0          20         146         253         389
24/11/2020 10:00         557         648         760         665         737         712
24/11/2020 11:00        1139        1189        1547        1283        1495        1712
24/11/2020 12:00        2275        2383        2597        2855        2979        3079
24/11/2020 13:00        3090        2675        2159        2777        3251        3233
24/11/2020 14:00        2753        2900        2615        2655        2538        2098
24/11/2020 15:00        1545        1226        1165        1238        1460        1161
24/11/2020 16:00         975         914         737         647         481         414
24/11/2020 17:00         327         244         162          56           0           0
24/11/2020 18:00           0           0           0           0           0           0
24/11/2020 19:00           0           0           0           0           0           0
24/11/2020 20:00           0           0           0           0           0           0
24/11/2020 21:00           0           0           0           0           0           0
24/11/2020 22:00           0           0           0           0           0           0
24/11/2020 23:00           0           0           0           0           0           0
25/11/2020 00:00           0           0           0           0           0           0
25/11/2020 01:00           0           0           0           0           0           0
25/11/2020 02:00           0           0           0           0           0           0
25/11/2020 03:00           0           0           0           0           0           0
25/11/2020 04:00           0           0           0           0           0           0
25/11/2020 05:00           0           0           0           0           0           0
25/11/2020 06:00           0           0           0           0           0           0
25/11/2020 07:00           0           0           0           0           0           0
25/11/2020 08:00           0           0           0           0           0           0
25/11/2020 09:00           0           0           0          16          80         147
25/11/2020 10:00         240         307         474         661         697         934
25/11/2020 11:00        1050        1065        1538        1279        1740        2188
25/11/2020 12:00        2354        2473        2764        2507        2518        3480
25/11/2020 13:00        3887        2845        2889        3637        3455        3489
25/11/2020 14:00        3384        3184        2947        2529        1411        1362
25/11/2020 15:00        1040         675         523         572         451         334
25/11/2020 16:00         166         215         316         355         299         312
25/11/2020 17:00         511         461         260         100           0           0
25/11/2020 18:00           0           0           0           0           0           0
25/11/2020 19:00           0           0           0           0           0           0
25/11/2020 20:00           0           0           0           0           0           0
25/11/2020 21:00           0           0           0           0           0           0
25/11/2020 22:00           0           0           0           0           0           0
25/11/2020 23:00           0           0           0           0           0           0
26/11/2020 00:00           0           0           0           0           0           0
26/11/2020 01:00           0           0           0           0           0           0
26/11/2020 02:00           0           0           0           0           0           0
26/11/2020 03:00           0           0           0           0           0           0
26/11/2020 04:00           0           0           0           0           0           0
26/11/2020 05:00           0           0           0           0           0           0
26/11/2020 06:00           0           0           0           0           0           0
26/11/2020 07:00           0           0           0           0           0           0
26/11/2020 08:00           0           0           0           0           0           0
26/11/2020 09:00           0           0          14         108         226         352
26/11/2020 10:00         495         663         822         980        1128        1260
26/11/2020 11:00        1418        1567        1704        1857        2008        2145
26/11/2020 12:00        2289        2441        2570        2690        2795        2873
26/11/2020 13:00        2928        2973        2970        2972        2946        2865
26/11/2020 14:00        2815        2712        2591        2458        2301        2137
26/11/2020 15:00        2005        1867        1718        1564        1427        1295
26/11/2020 16:00        1159        1038         898         758         628         516
26/11/2020 17:00         392         258         150          45           0           0
26/11/2020 18:00           0           0           0           0           0           0
26/11/2020 19:00           0           0           0           0           0           0
26/11/2020 20:00           0           0           0           0           0           0
26/11/2020 21:00           0           0           0           0           0           0
26/11/2020 22:00           0           0           0           0           0           0
26/11/2020 23:00           0           0           0           0           0           0
27/11/2020 00:00           0           0           0           0           0           0
27/11/2020 01:00           0           0           0           0           0           0
27/11/2020 02:00           0           0           0           0           0           0
27/11/2020 03:00           0           0           0           0           0           0
27/11/2020 04:00           0           0           0           0           0           0
27/11/2020 05:00           0           0           0           0           0           0
27/11/2020 06:00           0           0           0           0           0           0
27/11/2020 07:00           0           0           0           0           0           0
27/11/2020 08:00           0           0           0           0           0           0
27/11/2020 09:00           0           0           0           0          13          81
27/11/2020 10:00         174         220         270         296         343         410
27/11/2020 11:00         428         564         627         672         761         919
27/11/2020 12:00         925         732         796         917         904         983
27/11/2020 13:00        1047        1118        1485        1673        1572        1216
27/11/2020 14:00         744         765        1401        1273        1832        1334
27/11/2020 15:00         808         628         514         488         457        1152
27/11/2020 16:00        1772        1291         889         737         615         510
27/11/2020 17:00         387         250         121          22           0           0
27/11/2020 18:00           0           0           0           0           0           0
27/11/2020 19:00           0           0           0           0           0           0
27/11/2020 20:00           0           0           0           0           0           0
27/11/2020 21:00           0           0           0           0           0           0
27/11/2020 22:00           0           0           0           0           0           0
27/11/2020 23:00           0           0           0           0           0           0
28/11/2020 00:00           0           0           0           0           0           0
28/11/2020 01:00           0           0           0           0           0           0
28/11/2020 02:00           0           0           0           0           0           0
28/11/2020 03:00           0           0           0           0           0           0
28/11/2020 04:00           0           0           0           0           0           0
28/11/2020 05:00           0           0           0           0           0           0
28/11/2020 06:00           0           0           0           0           0           0
28/11/2020 07:00           0           0           0           0           0           0
28/11/2020 08:00           0           0           0           0           0           0
28/11/2020 09:00           0           0           0          63         202         328
28/11/2020 10:00         463         620         792         950        1090        1229
28/11/2020 11:00        1366        1505        1646        1783        1920        2062
28/11/2020 12:00        2193        2328        2450        2571        2659        2731
28/11/2020 13:00        2780        2818        2841        2831        2804        2765
28/11/2020 14:00        2696        2603        2511        2279        2254        2117
28/11/2020 15:00        1974        1828        1693        1559        1424        1291
28/11/2020 16:00        1166        1045         903         760         631         504
28/11/2020 17:00         376         231          97          29           0           0
28/11/2020 18:00           0           0           0           0           0           0
28/11/2020 19:00           0           0           0           0           0           0
28/11/2020 20:00           0           0           0           0           0           0
28/11/2020 21:00           0           0           0           0           0           0
28/11/2020 22:00           0           0           0           0           0           0
28/11/2020 23:00           0           0           0           0           0           0
29/11/2020 00:00           0           0           0           0           0           0
29/11/2020 01:00           0           0           0           0           0           0
29/11/2020 02:00           0           0           0           0           0           0
29/11/2020 03:00           0           0           0           0           0           0
29/11/2020 04:00           0           0           0           0           0           0
29/11/2020 05:00           0           0           0           0           0           0
29/11/2020 06:00           0           0           0           0           0           0
29/11/2020 07:00           0           0           0           0           0           0
29/11/2020 08:00           0           0           0           0           0           0
29/11/2020 09:00           0           0           0          35         195         323
29/11/2020 10:00         463         616         777         942        1080        1222
29/11/2020 11:00        1374        1515        1381         798         688         547
29/11/2020 12:00         577         621         640         491         479         497
29/11/2020 13:00         549         572         700         728         600         485
29/11/2020 14:00         450         399         397         380         447         422
29/11/2020 15:00         399         371         476         477         556         535
29/11/2020 16:00         454         413         333         268         238         154
29/11/2020 17:00          71          70           4           0           0           0
29/11/2020 18:00           0           0           0           0           0           0
29/11/2020 19:00           0           0           0           0           0           0
29/11/2020 20:00           0           0           0           0           0           0
29/11/2020 21:00           0           0           0           0           0           0
29/11/2020 22:00           0           0           0           0           0           0
29/11/2020 23:00           0           0           0           0           0           0
30/11/2020 00:00           0           0           0           0           0           0
30/11/2020 01:00           0           0           0           0           0           0
30/11/2020 02:00           0           0           0           0           0           0
30/11/2020 03:00           0           0           0           0           0           0
30/11/2020 04:00           0           0           0           0           0           0
30/11/2020 05:00           0           0           0           0           0           0
30/11/2020 06:00           0           0           0           0           0           0
30/11/2020 07:00           0           0           0           0           0           0
30/11/2020 08:00           0           0           0           0           0           0
30/11/2020 09:00           0           0           0           0           0           9
30/11/2020 10:00          37          85         142         225         460         726
30/11/2020 11:00         994         750         605         720         809         988
30/11/2020 12:00        1333        1510        1589        1598        1717        2216
30/11/2020 13:00        2484        2529        2333        2593        2739        3015
30/11/2020 14:00        1898        2627        2270        1547        1815        1736
30/11/2020 15:00        1798        1434        1495        1505        1619        1109
30/11/2020 16:00        1416        1463         815         479         540         382
30/11/2020 17:00         210         146          27           0           0           0
30/11/2020 18:00           0           0           0           0           0           0
30/11/2020 19:00           0           0           0           0           0           0
30/11/2020 20:00           0           0           0           0           0           0
30/11/2020 21:00           0           0           0           0           0           0
30/11/2020 22:00           0           0           0           0           0           0
30/11/2020 23:00           0           0           0           0           0           0
01/12/2020 00:00           0           0           0           0           0           0
01/12/2020 01:00           0           0           0           0           0           0
