01/01/2021 02:00           0           0           0           0           0           0
01/01/2021 03:00           0           0           0           0           0           0
01/01/2021 04:00           0           0           0           0           0           0
01/01/2021 05:00           0           0           0           0           0           0
01/01/2021 06:00           0           0           0           0           0           0
01/01/2021 07:00           0           0           0           0           0           0
01/01/2021 08:00           0           0           0           0           0           0
01/01/2021 09:00           0           0           0           0           0           0
01/01/2021 10:00           0           0           1           2         181         157
01/01/2021 11:00         120         186         321         327         313         306
01/01/2021 12:00         251         314         432         534         601         764
01/01/2021 13:00        1672        1365        1090        1369        1370        1166
01/01/2021 14:00         993         946         876         839         739         725
01/01/2021 15:00         689         559         485         430         358         335
01/01/2021 16:00         299         221         156          64           1           0
01/01/2021 17:00           0           0           0           0           0           0
01/01/2021 18:00           0           0           0           0           0           0
01/01/2021 19:00           0           0           0           0           0           0
01/01/2021 20:00           0           0           0           0           0           0
01/01/2021 21:00           0           0           0           0           0           0
01/01/2021 22:00           0           0           0           0           0           0
01/01/2021 23:00           0           0           0           0           0           0
02/01/2021 00:00           0           0           0           0           0           0
02/01/2021 01:00           0           0           0           0           0           0
02/01/2021 02:00           0           0           0           0           0           0
02/01/2021 03:00           0           0           0           0           0           0
02/01/2021 04:00           0           0           0           0           0           0
02/01/2021 05:00           0           0           0           0           0           0
02/01/2021 06:00           0           0           0           0           0           0
02/01/2021 07:00           0           0           0           0           0           0
02/01/2021 08:00           0           0           0           0           1           0
02/01/2021 09:00           3         219         387         516         679         834
02/01/2021 10:00        1036        1188        1331        1413        1412        1714
02/01/2021 11:00        1894        1752        1412        2034        1621        1487
02/01/2021 12:00        1590        1627        1987        2452        2443        2425
02/01/2021 13:00        2439        2336        2262        2197        2238        2245
02/01/2021 14:00        1963        1534        1591        1596        1293         660
02/01/2021 15:00         500         422         610         987         635         360
02/01/2021 16:00         248         143          27           0           0           0
02/01/2021 17:00           0           0           0           0           0           0
02/01/2021 18:00           0           0           0           0           0           0
02/01/2021 19:00           0           0           0           0           0           0
02/01/2021 20:00           0           0           0           0           0           0
02/01/2021 21:00           0           0           0           0           0           0
02/01/2021 22:00           0           0           0           0           0           0
02/01/2021 23:00           0           0           0           0           0           0
03/01/2021 00:00           0           0           0           0           0           0
03/01/2021 01:00           0           0           0           0           0           0
03/01/2021 02:00           0           0           0           0           0           0
03/01/2021 03:00           0           0           0           0           0           0
03/01/2021 04:00           0           0           0           0           0           0
03/01/2021 05:00           0           0           0           0           0           0
03/01/2021 06:00           0           0           0           0           0           0
03/01/2021 07:00           0           0           0           0           0           0
03/01/2021 08:00           0           0           0           0           0           0
03/01/2021 09:00           0           0           0          24          44          49
03/01/2021 10:00         110         213         175         107          67         407
03/01/2021 11:00         455         597         790         918        1042         947
03/01/2021 12:00         855         610         627         673         693         692
03/01/2021 13:00         744         823         685         877        1047        1050
03/01/2021 14:00         914         875         878         738         728         795
03/01/2021 15:00         600         439         425         380         254          70
03/01/2021 16:00         128         119          29           0           0           0
03/01/2021 17:00           0           0           0           0           0           0
03/01/2021 18:00           0           0           0           0           0           0
03/01/2021 19:00           0           0           0           0           0           0
03/01/2021 20:00           0           0           0           0           0           0
03/01/2021 21:00           0           0           0           0           0           0
03/01/2021 22:00           0           0           0           0           0           0
03/01/2021 23:00           0           0           0           0           0           0
04/01/2021 00:00           0           0           0           0           0           0
04/01/2021 01:00           0           0           0           0           0           0
04/01/2021 02:00           0           0           0           0           0           0
04/01/2021 03:00           0           0           0           0           0           0
04/01/2021 04:00           0           0           0           0           0           0
04/01/2021 05:00           0           0           0           0           0           0
04/01/2021 06:00           0           0           0           0           0           0
04/01/2021 07:00           0           0           0           0           0           0
04/01/2021 08:00           0           0           0           0           0           0
04/01/2021 09:00           0           0           0           0           0           1
04/01/2021 10:00           1           2         112         210         204         218
04/01/2021 11:00         312         326         319         260         317         363
04/01/2021 12:00         326         159         126         141          85         122
04/01/2021 13:00         257         339         381         214         190         248
04/01/2021 14:00         339         303         176         200         288         437
04/01/2021 15:00         635         532         253         230         194         153
04/01/2021 16:00          25           0           0           0           0           0
04/01/2021 17:00           0           0           0           0           0           0
04/01/2021 18:00           0           0           0           0           0           0
04/01/2021 19:00           0           0           0           0           0           0
04/01/2021 20:00           0           0           0           0           0           0
04/01/2021 21:00           0           0           0           0           0           0
04/01/2021 22:00           0           0           0           0           0           0
04/01/2021 23:00           0           0           0           0           0           0
05/01/2021 00:00           0           0           0           0           0           0
05/01/2021 01:00           0           0           0           0           0           0
05/01/2021 02:00           0           0           0           0           0           0
05/01/2021 03:00           0           0           0           0           0           0
05/01/2021 04:00           0           0           0           0           0           0
05/01/2021 05:00           0           0           0           0           0           0
05/01/2021 06:00           0           0           0           0           0           0
05/01/2021 07:00           0           0           0           0           0           0
05/01/2021 08:00           0           0           0           0           0           0
05/01/2021 09:00           0           0           0           0           0           0
05/01/2021 10:00           0           0           1           1           0          29
05/01/2021 11:00          45         105         112         139         151         106
05/01/2021 12:00         102         109         129         167         209         229
05/01/2021 13:00         194         226         241         283         441         399
05/01/2021 14:00         394         419         374         301         244         157
05/01/2021 15:00         147          75          66          72          97          51
05/01/2021 16:00           0           0           0           0           0           0
05/01/2021 17:00           0           0           0           0           0           0
05/01/2021 18:00           0           0           0           0           0           0
05/01/2021 19:00           0           0           0           0           0           0
05/01/2021 20:00           0           0           0           0           0           0
05/01/2021 21:00           0           0           0           0           0           0
05/01/2021 22:00           0           0           0           0           0           0
05/01/2021 23:00           0           0           0           0           0           0
06/01/2021 00:00           0           0           0           0           0           0
06/01/2021 01:00           0           0           0           0           0           0
06/01/2021 02:00           0           0           0           0           0           0
06/01/2021 03:00           0           0           0           0           0           0
06/01/2021 04:00           0           0           0           0           0           0
06/01/2021 05:00           0           0           0           0           0           0
06/01/2021 06:00           0           0           0           0           0           0
06/01/2021 07:00           0           0           0           0           0           0
06/01/2021 08:00           0           0           0           0           0           0
06/01/2021 09:00           0           0           0           0           0           0
06/01/2021 10:00           0           1          61          30          49          89
06/01/2021 11:00         166         159         181         191         267         230
06/01/2021 12:00         289         286         261         270         231         242
06/01/2021 13:00         264         296         349         629         470         472
06/01/2021 14:00         246         228         216         183         192         186
06/01/2021 15:00         229         275         223         196          66          52
06/01/2021 16:00          82          56          29           0           0           0
06/01/2021 17:00           0           0           0           0           0           0
06/01/2021 18:00           0           0           0           0           0           0
06/01/2021 19:00           0           0           0           0           0           0
06/01/2021 20:00           0           0           0           0           0           0
06/01/2021 21:00           0           0           0           0           0           0
06/01/2021 22:00           0           0           0           0           0           0
06/01/2021 23:00           0           0           0           0           0           0
07/01/2021 00:00           0           0           0           0           0           0
07/01/2021 01:00           0           0           0           0           0           0
07/01/2021 02:00           0           0           0           0           0           0
07/01/2021 03:00           0           0           0           0           0           0
07/01/2021 04:00           0           0           0           0           0           0
07/01/2021 05:00           0           0           0           0           0           0
07/01/2021 06:00           0           0           0           0           0           0
07/01/2021 07:00           0           0           0           0           0           0
07/01/2021 08:00           0           0           0           0           0           0
07/01/2021 09:00           0         108         283         294         434         602
07/01/2021 10:00         532         476         568         669         654         484
07/01/2021 11:00         449         433         234         160         232         604
07/01/2021 12:00         791         788         744        1113        1190        1015
07/01/2021 13:00         753         707         650         618         666         690
07/01/2021 14:00         744         807         877         951         807         734
07/01/2021 15:00         715         594         577         469         404         384
07/01/2021 16:00         408         327         236         144          76          11
07/01/2021 17:00           0           0           0           0           0           0
07/01/2021 18:00           0           0           0           0           0           0
07/01/2021 19:00           0           0           0           0           0           0
07/01/2021 20:00           0           0           0           0           0           0
07/01/2021 21:00           0           0           0           0           0           0
07/01/2021 22:00           0           0           0           0           0           0
07/01/2021 23:00           0           0           0           0           0           0
08/01/2021 00:00           0           0           0           0           0           0
08/01/2021 01:00           0           0           0           0           0           0
08/01/2021 02:00           0           0           0           0           0           0
08/01/2021 03:00           0           0           0           0           0           0
08/01/2021 04:00           0           0           0           0           0           0
08/01/2021 05:00           0           0           0           0           0           0
08/01/2021 06:00           0           0           0           0           0           0
08/01/2021 07:00           0           0           0           0           0           0
08/01/2021 08:00           0           0           0           0           0           0
08/01/2021 09:00          11          93         247         307         299         391
08/01/2021 10:00         461         621         613         525         424         447
08/01/2021 11:00         486         589         638         687         627         626
08/01/2021 12:00         557         526         655         633         569         491
08/01/2021 13:00         522         877        1162         943         922         899
08/01/2021 14:00         965        1225        1224        1061         945         870
08/01/2021 15:00         773         517         320         242         209         209
08/01/2021 16:00         231         193         135          61          14           0
08/01/2021 17:00           0           0           0           0           0           0
08/01/2021 18:00           0           0           0           0           0           0
08/01/2021 19:00           0           0           0           0           0           0
08/01/2021 20:00           0           0           0           0           0           0
08/01/2021 21:00           0           0           0           0           0           0
08/01/2021 22:00           0           0           0           0           0           0
08/01/2021 23:00           0           0           0           0           0           0
09/01/2021 00:00           0           0           0           0           0           0
09/01/2021 01:00           0           0           0           0           0           0
09/01/2021 02:00           0           0           0           0           0           0
09/01/2021 03:00           0           0           0           0           0           0
09/01/2021 04:00           0           0           0           0           0           0
09/01/2021 05:00           0           0           0           0           0           0
09/01/2021 06:00           0           0           0           0           0           0
09/01/2021 07:00           0           0           0           0           0           0
09/01/2021 08:00           0           0           0           0           0           0
09/01/2021 09:00          85         248         358         502         674         822
09/01/2021 10:00         705         757         777         767         883        1102
09/01/2021 11:00        1621         892        1381        2129        2410        2576
09/01/2021 12:00        2642        2706        2745        2786        2778        2809
09/01/2021 13:00        2718        2691        2632        2542        2428        2321
09/01/2021 14:00        2171        2120        1963        1822        1703        1599
09/01/2021 15:00        1349        1082        1136        1032         898         758
09/01/2021 16:00         614         489         344         222         131          31
09/01/2021 17:00           0           0           0           0           0           0
09/01/2021 18:00           0           0           0           0           0           0
09/01/2021 19:00           0           0           0           0           0           0
09/01/2021 20:00           0           0           0           0           0           0
09/01/2021 21:00           0           0           0           0           0           0
09/01/2021 22:00           0           0           0           0           0           0
09/01/2021 23:00           0           0           0           0           0           0
10/01/2021 00:00           0           0           0           0           0           0
10/01/2021 01:00           0           0           0           0           0           0
10/01/2021 02:00           0           0           0           0           0           0
10/01/2021 03:00           0           0           0           0           0           0
10/01/2021 04:00           0           0           0           0           0           0
10/01/2021 05:00           0           0           0           0           0           0
10/01/2021 06:00           0           0           0           0           0           0
10/01/2021 07:00           0           0           0           0           0           0
10/01/2021 08:00           0           0           0           0           0           0
10/01/2021 09:00          33          55         127         287         333         329
10/01/2021 10:00         362         360         507         694         657         839
10/01/2021 11:00         923         851         892         979         958        1186
10/01/2021 12:00        1405        1180        2026        2440        2755        2855
10/01/2021 13:00        2828        2767        2692        2599        2494        2364
10/01/2021 14:00        2253        2107        1934        1835        1633        1508
10/01/2021 15:00        1441        1175        1173        1048         857         731
10/01/2021 16:00         617         457         268         178          58          11
10/01/2021 17:00           0           0           0           0           0           0
10/01/2021 18:00           0           0           0           0           0           0
10/01/2021 19:00           0           0           0           0           0           0
10/01/2021 20:00           0           0           0           0           0           0
10/01/2021 21:00           0           0           0           0           0           0
10/01/2021 22:00           0           0           0           0           0           0
10/01/2021 23:00           0           0           0           0           0           0
11/01/2021 00:00           0           0           0           0           0           0
11/01/2021 01:00           0           0           0           0           0           0
11/01/2021 02:00           0           0           0           0           0           0
11/01/2021 03:00           0           0           0           0           0           0
11/01/2021 04:00           0           0           0           0           0           0
11/01/2021 05:00           0           0           0           0           0           0
11/01/2021 06:00           0           0           0           0           0           0
11/01/2021 07:00           0           0           0           0           0           0
11/01/2021 08:00           0           0           0           0           0           0
11/01/2021 09:00           0          20         161         206         230         304
11/01/2021 10:00         354         511         478         605         643         699
11/01/2021 11:00         861         895         784         699         569         557
11/01/2021 12:00         452         489         418         375         378         350
11/01/2021 13:00         381         429         422         442         543         721
11/01/2021 14:00         571         514         538         579         560         470
11/01/2021 15:00         462         388         418         390         332         308
11/01/2021 16:00         272         281         283         249         179          36
11/01/2021 17:00           0           0           0           0           0           0
11/01/2021 18:00           0           0           0           0           0           0
11/01/2021 19:00           0           0           0           0           0           0
11/01/2021 20:00           0           0           0           0           0           0
11/01/2021 21:00           0           0           0           0           0           0
11/01/2021 22:00           0           0           0           0           0           0
11/01/2021 23:00           0           0           0           0           0           0
12/01/2021 00:00           0           0           0           0           0           0
12/01/2021 01:00           0           0           0           0           0           0
12/01/2021 02:00           0           0           0           0           0           0
12/01/2021 03:00           0           0           0           0           0           0
12/01/2021 04:00           0           0           0           0           0           0
12/01/2021 05:00           0           0           0           0           0           0
12/01/2021 06:00           0           0           0           0           0           0
12/01/2021 07:00           0           0           0           0           0           0
12/01/2021 08:00           0           0           0           0           0           0
12/01/2021 09:00           0           0           0           1           0           0
12/01/2021 10:00           0           0          16          86          50         100
12/01/2021 11:00         171         335         304         189         140         148
12/01/2021 12:00         177         206         413         307         197         301
12/01/2021 13:00         385         341         332         353         216         138
12/01/2021 14:00         176         251         328         461         394         365
12/01/2021 15:00         358         352         330         275         133          62
12/01/2021 16:00           6           0           0           0           0           0
12/01/2021 17:00           0           0           0           0           0           0
12/01/2021 18:00           0           0           0           0           0           0
12/01/2021 19:00           0           0           0           0           0           0
12/01/2021 20:00           0           0           0           0           0           0
12/01/2021 21:00           0           0           0           0           0           0
12/01/2021 22:00           0           0           0           0           0           0
12/01/2021 23:00           0           0           0           0           0           0
13/01/2021 00:00           0           0           0           0           0           0
13/01/2021 01:00           0           0           0           0           0           0
13/01/2021 02:00           0           0           0           0           0           0
13/01/2021 03:00           0           0           0           0           0           0
13/01/2021 04:00           0           0           0           0           0           0
13/01/2021 05:00           0           0           0           0           0           0
13/01/2021 06:00           0           0           0           0           0           0
13/01/2021 07:00           0           0           0           0           0           0
13/01/2021 08:00           0           0           0           0           0           0
13/01/2021 09:00           0           0          18          59         112         189
13/01/2021 10:00         227         347         438         450         390         368
13/01/2021 11:00         518         565         629         461         723         797
13/01/2021 12:00         497         234         382         336         448         138
13/01/2021 13:00         507         456         416         274         262         217
13/01/2021 14:00         132         109         192         238         166         124
13/01/2021 15:00         111          22         101         118         127         139
13/01/2021 16:00         117          13           0           0           0           0
13/01/2021 17:00           0           0           0           0           0           0
13/01/2021 18:00           0           0           0           0           0           0
13/01/2021 19:00           0           0           0           0           0           0
13/01/2021 20:00           0           0           0           0           0           0
13/01/2021 21:00           0           0           0           0           0           0
13/01/2021 22:00           0           0           0           0           0           0
13/01/2021 23:00           0           0           0           0           0           0
14/01/2021 00:00           0           0           0           0           0           0
14/01/2021 01:00           0           0           0           0           0           0
14/01/2021 02:00           0           0           0           0           0           0
14/01/2021 03:00           0           0           0           0           0           0
14/01/2021 04:00           0           0           0           0           0           0
14/01/2021 05:00           0           0           0           0           0           0
14/01/2021 06:00           0           0           0           0           0           0
14/01/2021 07:00           0           0           0           0           0           0
14/01/2021 08:00           0           0           0           0           0           0
14/01/2021 09:00           0           0           0          14         171         108
14/01/2021 10:00           0           0           0         208         428         414
14/01/2021 11:00         561         503         437         351         341         228
14/01/2021 12:00         125         194         298         286         269         313
14/01/2021 13:00         371         320         242         265         410         572
14/01/2021 14:00         711         502         564         405         316         313
14/01/2021 15:00         178          10         141         227         319         165
14/01/2021 16:00          77          26          46          31          18           0
14/01/2021 17:00           0           0           0           0           0           0
14/01/2021 18:00           0           0           0           0           0           0
14/01/2021 19:00           0           0           0           0           0           0
14/01/2021 20:00           0           0           0           0           0           0
14/01/2021 21:00           0           0           0           0           0           0
14/01/2021 22:00           0           0           0           0           0           0
14/01/2021 23:00           0           0           0           0           0           0
15/01/2021 00:00           0           0           0           0           0           0
15/01/2021 01:00           0           0           0           0           0           0
15/01/2021 02:00           0           0           0           0           0           0
15/01/2021 03:00           0           0           0           0           0           0
15/01/2021 04:00           0           0           0           0           0           0
15/01/2021 05:00           0           0           0           0           0           0
15/01/2021 06:00           0           0           0           0           0           0
15/01/2021 07:00           0           0           0           0           0           0
15/01/2021 08:00           0           0           0           0           0           0
15/01/2021 09:00           0           0           1         159         370         705
15/01/2021 10:00         827         399         290         489         772        1161
15/01/2021 11:00        1191        1577        1807        1708        1908        2303
15/01/2021 12:00        2771        2182        2981        3176        2573        3223
15/01/2021 13:00        3108        2716        3088        2161        1244        1104
15/01/2021 14:00         992        1185        1284        1533        1598        1292
15/01/2021 15:00         776         533         674         433         338         252
15/01/2021 16:00         202         166          77           0           0           0
15/01/2021 17:00           0           0           0           0           0           0
15/01/2021 18:00           0           0           0           0           0           0
15/01/2021 19:00           0           0           0           0           0           0
15/01/2021 20:00           0           0           0           0           0           0
15/01/2021 21:00           0           0           0           0           0           0
15/01/2021 22:00           0           0           0           0           0           0
15/01/2021 23:00           0           0           0           0           0           0
16/01/2021 00:00           0           0           0           0           0           0
16/01/2021 01:00           0           0           0           0           0           0
16/01/2021 02:00           0           0           0           0           0           0
16/01/2021 03:00           0           0           0           0           0           0
16/01/2021 04:00           0           0           0           0           0           0
16/01/2021 05:00           0           0           0           0           0           0
16/01/2021 06:00           0           0           0           0           0           0
16/01/2021 07:00           0           0           0           0           0           0
16/01/2021 08:00           0           0           0           0           0           0
16/01/2021 09:00           1           2          82         258         326         397
16/01/2021 10:00         372         347         313         359         402         396
16/01/2021 11:00         411         348         321         347         316         228
16/01/2021 12:00         132          43          43          43          34          29
16/01/2021 13:00          20           0           0           0           0           0
16/01/2021 14:00           0           0           0           0           0           0
16/01/2021 15:00           0           0           0           0           0           0
16/01/2021 16:00           0           0           0           0           0           0
16/01/2021 17:00           0           0           0           0           0           0
16/01/2021 18:00           0           0           0           0           0           0
16/01/2021 19:00           0           0           0           0           0           0
16/01/2021 20:00           0           0           0           0           0           0
16/01/2021 21:00           0           0           0           0           0           0
16/01/2021 22:00           0           0           0           0           0           0
16/01/2021 23:00           0           0           0           0           0           0
17/01/2021 00:00           0           0           0           0           0           0
17/01/2021 01:00           0           0           0           0           0           0
17/01/2021 02:00           0           0           0           0           0           0
17/01/2021 03:00           0           0           0           0           0           0
17/01/2021 04:00           0           0           0           0           0           0
17/01/2021 05:00           0           0           0           0           0           0
17/01/2021 06:00           0           0           0           0           0           0
17/01/2021 07:00           0           0           0           0           0           0
17/01/2021 08:00           0           0           0           0           0           0
17/01/2021 09:00           0           3         139         299         552         832
17/01/2021 10:00         421         490         335         328         355         671
17/01/2021 11:00        1849        1632        1452        2361        1445        1444
17/01/2021 12:00        2664        2690        3246        3303        3106        2637
17/01/2021 13:00        2481        3279        3238        3316        2458        2225
17/01/2021 14:00        1069         381         374         723         904         505
17/01/2021 15:00         948         804         489         291         261         373
17/01/2021 16:00         362         434         514         368         254          73
17/01/2021 17:00          23           0           0           0           0           0
17/01/2021 18:00           0           0           0           0           0           0
17/01/2021 19:00           0           0           0           0           0           0
17/01/2021 20:00           0           0           0           0           0           0
17/01/2021 21:00           0           0           0           0           0           0
17/01/2021 22:00           0           0           0           0           0           0
17/01/2021 23:00           0           0           0           0           0           0
18/01/2021 00:00           0           0           0           0           0           0
18/01/2021 01:00           0           0           0           0           0           0
18/01/2021 02:00           0           0           0           0           0           0
18/01/2021 03:00           0           0           0           0           0           0
18/01/2021 04:00           0           0           0           0           0           0
18/01/2021 05:00           0           0           0           0           0           0
18/01/2021 06:00           0           0           0           0           0           0
18/01/2021 07:00           0           0           0           0           0           0
18/01/2021 08:00           0           0           0           0           0           6
18/01/2021 09:00         241         288         399         681         675        1239
18/01/2021 10:00        1517        1427        1088        1112        1260        1831
18/01/2021 11:00        2224        2512        2234        1830        2444        2458
18/01/2021 12:00        2650        3170        1716        1650        1938        2723
18/01/2021 13:00        1362        1865        1743        1485        2256        1727
18/01/2021 14:00        1829        1990        1690        1066         946         633
18/01/2021 15:00         774        1084         730         434         339         552
18/01/2021 16:00        1063         736         542         255         166          67
18/01/2021 17:00          30           0           0           0           0           0
18/01/2021 18:00           0           0           0           0           0           0
18/01/2021 19:00           0           0           0           0           0           0
18/01/2021 20:00           0           0           0           0           0           0
18/01/2021 21:00           0           0           0           0           0           0
18/01/2021 22:00           0           0           0           0           0           0
18/01/2021 23:00           0           0           0           0           0           0
19/01/2021 00:00           0           0           0           0           0           0
19/01/2021 01:00           0           0           0           0           0           0
19/01/2021 02:00           0           0           0           0           0           0
19/01/2021 03:00           0           0           0           0           0           0
19/01/2021 04:00           0           0           0           0           0           0
19/01/2021 05:00           0           0           0           0           0           0
19/01/2021 06:00           0           0           0           0           0           0
19/01/2021 07:00           0           0           0           0           0           0
19/01/2021 08:00           0           0           0           0           0           0
19/01/2021 09:00           0           0           0          50         115         133
19/01/2021 10:00         222         219         269         332         329         378
19/01/2021 11:00         478         565         641         434         335         592
19/01/2021 12:00         992         727         699         474         600         644
19/01/2021 13:00         629         785         660         556         541         826
19/01/2021 14:00        1019         901         700         717         939        1493
19/01/2021 15:00         947         773         779         512         376         307
19/01/2021 16:00         258         306         320         259         137          63
19/01/2021 17:00          10           0           0           0           0           0
19/01/2021 18:00           0           0           0           0           0           0
19/01/2021 19:00           0           0           0           0           0           0
19/01/2021 20:00           0           0           0           0           0           0
19/01/2021 21:00           0           0           0           0           0           0
19/01/2021 22:00           0           0           0           0           0           0
19/01/2021 23:00           0           0           0           0           0           0
20/01/2021 00:00           0           0           0           0           0           0
20/01/2021 01:00           0           0           0           0           0           0
20/01/2021 02:00           0           0           0           0           0           0
20/01/2021 03:00           0           0           0           0           0           0
20/01/2021 04:00           0           0           0           0           0           0
20/01/2021 05:00           0           0           0           0           0           0
20/01/2021 06:00           0           0           0           0           0           0
20/01/2021 07:00           0           0           0           0           0           0
20/01/2021 08:00           0           0           0           0           0           0
20/01/2021 09:00           0           3         170         245         230         286
20/01/2021 10:00         443         434         579         590         543         680
20/01/2021 11:00         978        1268        1400        1401        1313         881
20/01/2021 12:00        1178        1345        1396        1416        1818        2459
20/01/2021 13:00        2329        1757        2092        1887        2540        2742
20/01/2021 14:00        2507        1975        2150        1993        1779        1366
20/01/2021 15:00        1142        1436        1365        1314         834         674
20/01/2021 16:00         549         508         415         291         218          61
20/01/2021 17:00           0           0           0           0           0           0
20/01/2021 18:00           0           0           0           0           0           0
20/01/2021 19:00           0           0           0           0           0           0
20/01/2021 20:00           0           0           0           0           0           0
20/01/2021 21:00           0           0           0           0           0           0
20/01/2021 22:00           0           0           0           0           0           0
20/01/2021 23:00           0           0           0           0           0           0
21/01/2021 00:00           0           0           0           0           0           0
21/01/2021 01:00           0           0           0           0           0           0
21/01/2021 02:00           0           0           0           0           0           0
21/01/2021 03:00           0           0           0           0           0           0
21/01/2021 04:00           0           0           0           0           0           0
21/01/2021 05:00           0           0           0           0           0           0
21/01/2021 06:00           0           0           0           0           0           0
21/01/2021 07:00           0           0           0           0           0           0
21/01/2021 08:00           0           0           0           0          74         278
21/01/2021 09:00         504         677         522         504         552         618
21/01/2021 10:00         657         743         746         937        1055        1069
21/01/2021 11:00        1056         936        1024        1027         964         871
21/01/2021 12:00         729         767         738         670         916        1003
21/01/2021 13:00         727         793         683         554         449         605
21/01/2021 14:00         528         454         332         353         328         356
21/01/2021 15:00         356         277         136         140          84          21
21/01/2021 16:00          35          11           0           0           0           0
21/01/2021 17:00           0           0           0           0           0           0
21/01/2021 18:00           0           0           0           0           0           0
21/01/2021 19:00           0           0           0           0           0           0
21/01/2021 20:00           0           0           0           0           0           0
21/01/2021 21:00           0           0           0           0           0           0
21/01/2021 22:00           0           0           0           0           0           0
21/01/2021 23:00           0           0           0           0           0           0
22/01/2021 00:00           0           0           0           0           0           0
22/01/2021 01:00           0           0           0           0           0           0
22/01/2021 02:00           0           0           0           0           0           0
22/01/2021 03:00           0           0           0           0           0           0
22/01/2021 04:00           0           0           0           0           0           0
22/01/2021 05:00           0           0           0           0           0           0
22/01/2021 06:00           0           0           0           0           0           0
22/01/2021 07:00           0           0           0           0           0           0
22/01/2021 08:00           0           0           0           0           0           0
22/01/2021 09:00           0          28          87         201         437         361
22/01/2021 10:00         354         783        1493        1179         827         826
22/01/2021 11:00        1104        1140         750        1008        1645        1917
22/01/2021 12:00        1438        1139        1593        2788        3078        3625
22/01/2021 13:00        2900        2678        2670        1356        1244        1257
22/01/2021 14:00        2738        2786        1627         870         953        1168
22/01/2021 15:00        1323         721         581         849         697         949
22/01/2021 16:00         736         630         562         442         338         256
22/01/2021 17:00         146          19           0           0           0           0
22/01/2021 18:00           0           0           0           0           0           0
22/01/2021 19:00           0           0           0           0           0           0
22/01/2021 20:00           0           0           0           0           0           0
22/01/2021 21:00           0           0           0           0           0           0
22/01/2021 22:00           0           0           0           0           0           0
22/01/2021 23:00           0           0           0           0           0           0
23/01/2021 00:00           0           0           0           0           0           0
23/01/2021 01:00           0           0           0           0           0           0
23/01/2021 02:00           0           0           0           0           0           0
23/01/2021 03:00           0           0           0           0           0           0
23/01/2021 04:00           0           0           0           0           0           0
23/01/2021 05:00           0           0           0           0           0           0
23/01/2021 06:00           0           0           0           0           0           0
23/01/2021 07:00           0           0           0           0           0           0
23/01/2021 08:00           0           0           0           0           0           0
23/01/2021 09:00           1           0           0           0           1           0
23/01/2021 10:00           0           0          80         247         262         452
23/01/2021 11:00         689         478         739         572         314         512
23/01/2021 12:00         461         225         303         173         384         399
23/01/2021 13:00         471         740        1453        1369        1610        2979
23/01/2021 14:00        2016         668          85         460        1723        1272
23/01/2021 15:00        1824         752          34         114         322         596
23/01/2021 16:00         134          10           0           0           0           0
23/01/2021 17:00           0           0           0           0           0           0
23/01/2021 18:00           0           0           0           0           0           0
23/01/2021 19:00           0           0           0           0           0           0
23/01/2021 20:00           0           0           0           0           0           0
23/01/2021 21:00           0           0           0           0           0           0
23/01/2021 22:00           0           0           0           0           0           0
23/01/2021 23:00           0           0           0           0           0           0
24/01/2021 00:00           0           0           0           0           0           0
24/01/2021 01:00           0           0           0           0           0           0
24/01/2021 02:00           0           0           0           0           0           0
24/01/2021 03:00           0           0           0           0           0           0
24/01/2021 04:00           0           0           0           0           0           0
24/01/2021 05:00           0           0           0           0           0           0
24/01/2021 06:00           0           0           0           0           0           0
24/01/2021 07:00           0           0           0           0           0           0
24/01/2021 08:00           0           0           0           0          28         272
24/01/2021 09:00         467         621         817         908         881         839
24/01/2021 10:00         805         869         714         771        1049         928
24/01/2021 11:00         967        1208        1399        2255        1910        1150
24/01/2021 12:00         733         679         471         572         645         535
24/01/2021 13:00         546         317         256         239         192         188
24/01/2021 14:00          94          14           0           0          15           0
24/01/2021 15:00           0           0           0           0           0           0
24/01/2021 16:00           0           0           0           0           0           0
24/01/2021 17:00           0           0           0           0           0           0
24/01/2021 18:00           0           0           0           0           0           0
24/01/2021 19:00           0           0           0           0           0           0
24/01/2021 20:00           0           0           0           0           0           0
24/01/2021 21:00           0           0           0           0           0           0
24/01/2021 22:00           0           0           0           0           0           0
24/01/2021 23:00           0           0           0           0           0           0
25/01/2021 00:00           0           0           0           0           0           0
25/01/2021 01:00           0           0           0           0           0           0
25/01/2021 02:00           0           0           0           0           0           0
25/01/2021 03:00           0           0           0           0           0           0
25/01/2021 04:00           0           0           0           0           0           0
25/01/2021 05:00           0           0           0           0           0           0
25/01/2021 06:00           0           0           0           0           0           0
25/01/2021 07:00           0           0           0           0           0           0
25/01/2021 08:00           0           0           0           0           0           0
25/01/2021 09:00           0           0           0           1          59           1
25/01/2021 10:00          13           0           0           0         373         475
25/01/2021 11:00         308         464         252         485        1018        2009
25/01/2021 12:00        1674        1476        3149        3588        3412        2577
25/01/2021 13:00        2032        3606        2743        3368        3212        1458
25/01/2021 14:00        2104        2939        1940        2612        1385        1072
25/01/2021 15:00        2336        2125        1942        1733        1159         808
25/01/2021 16:00         877         936         921         581         443         259
25/01/2021 17:00         155          41           1           0           0           0
25/01/2021 18:00           0           0           0           0           0           0
25/01/2021 19:00           0           0           0           0           0           0
25/01/2021 20:00           0           0           0           0           0           0
25/01/2021 21:00           0           0           0           0           0           0
25/01/2021 22:00           0           0           0           0           0           0
25/01/2021 23:00           0           0           0           0           0           0
26/01/2021 00:00           0           0           0           0           0           0
26/01/2021 01:00           0           0           0           0           0           0
26/01/2021 02:00           0           0           0           0           0           0
26/01/2021 03:00           0           0           0           0           0           0
26/01/2021 04:00           0           0           0           0           0           0
26/01/2021 05:00           0           0           0           0           0           0
26/01/2021 06:00           0           0           0           0           0           0
26/01/2021 07:00           0           0           0           0           0           0
26/01/2021 08:00           0           0           0           0           1         139
26/01/2021 09:00         421         715         850        1008        1314        1583
26/01/2021 10:00        1368        1313        1825        1745        1623        1753
26/01/2021 11:00        2025        1827        1805        1729        1886        1632
26/01/2021 12:00        1162         878         784         793         870         877
26/01/2021 13:00         876         904         960         804         691         709
26/01/2021 14:00         742         850        1080        1506        1199        1062
26/01/2021 15:00        1110         834         822        1058         825         364
26/01/2021 16:00         247         260         226         191          94           0
26/01/2021 17:00           0           0           0           0           0           0
26/01/2021 18:00           0           0           0           0           0           0
26/01/2021 19:00           0           0           0           0           0           0
26/01/2021 20:00           0           0           0           0           0           0
26/01/2021 21:00           0           0           0           0           0           0
26/01/2021 22:00           0           0           0           0           0           0
26/01/2021 23:00           0           0           0           0           0           0
27/01/2021 00:00           0           0           0           0           0           0
27/01/2021 01:00           0           0           0           0           0           0
27/01/2021 02:00           0           0           0           0           0           0
27/01/2021 03:00           0           0           0           0           0           0
27/01/2021 04:00           0           0           0           0           0           0
27/01/2021 05:00           0           0           0           0           0           0
27/01/2021 06:00           0           0           0           0           0           0
27/01/2021 07:00           0           0           0           0           0           0
27/01/2021 08:00           0           0           0           0           0          71
27/01/2021 09:00         150          68         121         183         277         262
27/01/2021 10:00         354         355         422         335         360         411
27/01/2021 11:00         534         478         486         649         567         627
27/01/2021 12:00         507         371         465         605         599         481
27/01/2021 13:00         323         341         460         619         825         642
27/01/2021 14:00         757         759         982         827         731         503
27/01/2021 15:00         386         279         211         202         144          99
27/01/2021 16:00          78          94         162         155         115          27
27/01/2021 17:00           0           0           0           0           0           0
27/01/2021 18:00           0           0           0           0           0           0
27/01/2021 19:00           0           0           0           0           0           0
27/01/2021 20:00           0           0           0           0           0           0
27/01/2021 21:00           0           0           0           0           0           0
27/01/2021 22:00           0           0           0           0           0           0
27/01/2021 23:00           0           0           0           0           0           0
28/01/2021 00:00           0           0           0           0           0           0
28/01/2021 01:00           0           0           0           0           0           0
28/01/2021 02:00           0           0           0           0           0           0
28/01/2021 03:00           0           0           0           0           0           0
28/01/2021 04:00           0           0           0           0           0           0
28/01/2021 05:00           0           0           0           0           0           0
28/01/2021 06:00           0           0           0           0           0           0
28/01/2021 07:00           0           0           0           0           0           0
28/01/2021 08:00           0           0           0           0           0           0
28/01/2021 09:00           9           0           1           0         369         306
28/01/2021 10:00         357         374         530         682         390         387
28/01/2021 11:00         438         522         606         345         494         655
28/01/2021 12:00         633         913        1553        1216        1022         616
28/01/2021 13:00        1711         772        1508        1842        1199        2291
28/01/2021 14:00        2625        2046        1032        1670         620         326
28/01/2021 15:00         284         286        1003         668         705         703
28/01/2021 16:00         417         301          95          43          49          18
28/01/2021 17:00           0           0           0           0           0           0
28/01/2021 18:00           0           0           0           0           0           0
28/01/2021 19:00           0           0           0           0           0           0
28/01/2021 20:00           0           0           0           0           0           0
28/01/2021 21:00           0           0           0           0           0           0
28/01/2021 22:00           0           0           0           0           0           0
28/01/2021 23:00           0           0           0           0           0           0
29/01/2021 00:00           0           0           0           0           0           0
29/01/2021 01:00           0           0           0           0           0           0
29/01/2021 02:00           0           0           0           0           0           0
29/01/2021 03:00           0           0           0           0           0           0
29/01/2021 04:00           0           0           0           0           0           0
29/01/2021 05:00           0           0           0           0           0           0
29/01/2021 06:00           0           0           0           0           0           0
29/01/2021 07:00           0           0           0           0           0           0
29/01/2021 08:00           0           0           0           0           0          42
29/01/2021 09:00          59           1         238         242         472         317
29/01/2021 10:00         436         664         606         376         440         463
29/01/2021 11:00         315         407         735         853        1020         641
29/01/2021 12:00         812        3231        2625        1516         388         506
29/01/2021 13:00         525         602         639        1658        1291        1059
29/01/2021 14:00         873        1252         904         881        1125         707
29/01/2021 15:00         598         585         447         301         271         208
29/01/2021 16:00         164          82         201         138          29         158
29/01/2021 17:00         184          87           0           0           0           0
29/01/2021 18:00           0           0           0           0           0           0
29/01/2021 19:00           0           0           0           0           0           0
29/01/2021 20:00           0           0           0           0           0           0
29/01/2021 21:00           0           0           0           0           0           0
29/01/2021 22:00           0           0           0           0           0           0
29/01/2021 23:00           0           0           0           0           0           0
30/01/2021 00:00           0           0           0           0           0           0
30/01/2021 01:00           0           0           0           0           0           0
30/01/2021 02:00           0           0           0           0           0           0
30/01/2021 03:00           0           0           0           0           0           0
30/01/2021 04:00           0           0           0           0           0           0
30/01/2021 05:00           0           0           0           0           0           0
30/01/2021 06:00           0           0           0           0           0           0
30/01/2021 07:00           0           0           0           0           0           0
30/01/2021 08:00           0           0           0           0           0           0
30/01/2021 09:00           0           1           0           0          33         187
30/01/2021 10:00         416         376         160         431         804        1067
30/01/2021 11:00         957        1011         866         981         928         928
30/01/2021 12:00        1947        1916        1895        3009        2254        1306
30/01/2021 13:00        1853        2099        3034        1354        1605        3360
30/01/2021 14:00        2277        2121         870        1620        1061         953
30/01/2021 15:00         677         850         971         688         707         734
30/01/2021 16:00         678         748         796         611         333          88
30/01/2021 17:00           0           0           0           0           0           0
30/01/2021 18:00           0           0           0           0           0           0
30/01/2021 19:00           0           0           0           0           0           0
30/01/2021 20:00           0           0           0           0           0           0
30/01/2021 21:00           0           0           0           0           0           0
30/01/2021 22:00           0           0           0           0           0           0
30/01/2021 23:00           0           0           0           0           0           0
31/01/2021 00:00           0           0           0           0           0           0
31/01/2021 01:00           0           0           0           0           0           0
31/01/2021 02:00           0           0           0           0           0           0
31/01/2021 03:00           0           0           0           0           0           0
31/01/2021 04:00           0           0           0           0           0           0
31/01/2021 05:00           0           0           0           0           0           0
31/01/2021 06:00           0           0           0           0           0           0
31/01/2021 07:00           0           0           0           0           0           0
31/01/2021 08:00           0           0           0           0           0           0
31/01/2021 09:00           0           0           0          10         267         414
31/01/2021 10:00         276         319         344         373         397         517
31/01/2021 11:00         696         683         818         893         734         890
31/01/2021 12:00         675         701         876         897         745         708
31/01/2021 13:00         655         848         720        1005        1267        1165
31/01/2021 14:00        1367        1385         986        1228        1134         947
31/01/2021 15:00         685         404         426         371         169         305
31/01/2021 16:00         256         233         321         251          81           0
31/01/2021 17:00           0           0           0           0           0           0
31/01/2021 18:00           0           0           0           0           0           0
31/01/2021 19:00           0           0           0           0           0           0
31/01/2021 20:00           0           0           0           0           0           0
31/01/2021 21:00           0           0           0           0           0           0
31/01/2021 22:00           0           0           0           0           0           0
31/01/2021 23:00           0           0           0           0           0           0
01/02/2021 00:00           0           0           0           0           0           0
01/02/2021 01:00           0           0           0           0           0           0
