01/09/2020 02:00           0           0           0           0           0           0
01/09/2020 03:00           0           0           0           0           0           0
01/09/2020 04:00           0           0           0           0           0           0
01/09/2020 05:00           0           0           0           0           0           0
01/09/2020 06:00           0           0           0           0           0           0
01/09/2020 07:00           0           0           0          31         105         216
01/09/2020 08:00         535         774        1064        1311        1413        1901
01/09/2020 09:00        1655        1640        2515        3032        3302        3532
01/09/2020 10:00        3816        4000        4198        4387        4538        4654
01/09/2020 11:00        4768        4841        4939        5030        4770        3678
01/09/2020 12:00        2518        5404        5094        3990        4910        3480
01/09/2020 13:00        4804        3846        4861        4978        1474        1938
01/09/2020 14:00        3677        3818        4274        5219        4998        5047
01/09/2020 15:00        3498        1290        1523        2015        5048        4466
01/09/2020 16:00        2482        1562        1564        1681        1612        1691
01/09/2020 17:00        1590        1650        1580        1563        1399        1326
01/09/2020 18:00        1108         985        1074        1020        1016         857
01/09/2020 19:00         664         516         359         328         264         196
01/09/2020 20:00         105          29           0           0           0           0
01/09/2020 21:00           0           0           0           0           0           0
01/09/2020 22:00           0           0           0           0           0           0
01/09/2020 23:00           0           0           0           0           0           0
02/09/2020 00:00           0           0           0           0           0           0
02/09/2020 01:00           0           0           0           0           0           0
02/09/2020 02:00           0           0           0           0           0           0
02/09/2020 03:00           0           0           0           0           0           0
02/09/2020 04:00           0           0           0           0           0           0
02/09/2020 05:00           0           0           0           0           0           0
02/09/2020 06:00           0           0           0           0           0           0
02/09/2020 07:00           0           0          17          85         278         433
02/09/2020 08:00         615         828        1081        1357        1629        1915
02/09/2020 09:00        2206        2497        2790        2438        1473        1589
02/09/2020 10:00        1703        4005        3162        3300        3416        3493
02/09/2020 11:00        3922        4852        4044        2889        2912        2918
02/09/2020 12:00        2907        2927        2942        1029        3520        3560
02/09/2020 13:00        3705        2760        2194        3428        2697        2517
02/09/2020 14:00        2260        3096        2905        1342        2105        3478
02/09/2020 15:00        3682        5066        3552        3433        4540        4754
02/09/2020 16:00        4738        4610        4614        4601        4470        4449
02/09/2020 17:00        4312        3926        3617        3501        3190        2740
02/09/2020 18:00        2524        1271        1582        1693        1520         583
02/09/2020 19:00         478         408         488         400         301         158
02/09/2020 20:00          11           0           0           0           0           0
02/09/2020 21:00           0           0           0           0           0           0
02/09/2020 22:00           0           0           0           0           0           0
02/09/2020 23:00           0           0           0           0           0           0
03/09/2020 00:00           0           0           0           0           0           0
03/09/2020 01:00           0           0           0           0           0           0
03/09/2020 02:00           0           0           0           0           0           0
03/09/2020 03:00           0           0           0           0           0           0
03/09/2020 04:00           0           0           0           0           0           0
03/09/2020 05:00           0           0           0           0           0           0
03/09/2020 06:00           0           0           0           0           0           0
03/09/2020 07:00           0           0           0           0           0          78
03/09/2020 08:00          61           0         197         579         914        1108
03/09/2020 09:00        1183        1313        1529        1631        1897        2725
03/09/2020 10:00        3033        3961        2977        3601        4567        4467
03/09/2020 11:00        4776        4559        4416        3962        3671        2945
03/09/2020 12:00        3447        2369        2585        3941        3760        2770
03/09/2020 13:00        2147        2074        2822        3874        4504        4724
03/09/2020 14:00        3520        4028        4965        4720        4750        4684
03/09/2020 15:00        4541        4594        2643        4183        4587        4302
03/09/2020 16:00        3217        3324        2851        2441        2665        2906
03/09/2020 17:00        2848        2035        2300        1334        1104        1433
03/09/2020 18:00        1081        1014         817         575         460         514
03/09/2020 19:00         494         310         318         143          56           1
03/09/2020 20:00           0           0           0           0           0           0
03/09/2020 21:00           0           0           0           0           0           0
03/09/2020 22:00           0           0           0           0           0           0
03/09/2020 23:00           0           0           0           0           0           0
04/09/2020 00:00           0           0           0           0           0           0
04/09/2020 01:00           0           0           0           0           0           0
04/09/2020 02:00           0           0           0           0           0           0
04/09/2020 03:00           0           0           0           0           0           0
04/09/2020 04:00           0           0           0           0           0           0
04/09/2020 05:00           0           0           0           0           0           0
04/09/2020 06:00           0           0           0           0           0           0
04/09/2020 07:00           0           0           0           0           0          37
04/09/2020 08:00         276         419         624         540        1441        1931
04/09/2020 09:00         989        1226        1037        2315        3108        3427
04/09/2020 10:00        3571        3724        3882        3283        3601        4182
04/09/2020 11:00        4111        3499        4097        4030        3992        4467
04/09/2020 12:00        4423        4486        3934        4126        4553        4428
04/09/2020 13:00        4501        4498        4090        4038        4526        4444
04/09/2020 14:00        4425        4376        4122        2455        2524        2497
04/09/2020 15:00        2463        2397        2291        2300        2272        2245
04/09/2020 16:00        2216        2208        2145        2116        2062        2012
04/09/2020 17:00        1934        2697        3203        3050        2829        2580
04/09/2020 18:00        2333        2090        1736        1555        1289        1037
04/09/2020 19:00         809         592         411         264         173          78
04/09/2020 20:00          17           0           0           0           0           0
04/09/2020 21:00           0           0           0           0           0           0
04/09/2020 22:00           0           0           0           0           0           0
04/09/2020 23:00           0           0           0           0           0           0
05/09/2020 00:00           0           0           0           0           0           0
05/09/2020 01:00           0           0           0           0           0           0
05/09/2020 02:00           0           0           0           0           0           0
05/09/2020 03:00           0           0           0           0           0           0
05/09/2020 04:00           0           0           0           0           0           0
05/09/2020 05:00           0           0           0           0           0           0
05/09/2020 06:00           0           0           0           0           0           0
05/09/2020 07:00           0           0           0           0           0          22
05/09/2020 08:00          46         107         301         571        1451        1408
05/09/2020 09:00         864         735         510         582        1559        2797
05/09/2020 10:00        2968        2168        3578        2023        2320        2156
05/09/2020 11:00        1871        3245        3043        3557        2592        1558
05/09/2020 12:00        2063        3067        2962        1428        2431        1005
05/09/2020 13:00        1217        1140        1558        2161        1987        3349
05/09/2020 14:00        1721        2437        3140        3956        3484        2155
05/09/2020 15:00        1895        2849        1858        1987        2563        3924
05/09/2020 16:00        3409        1855        3137        4231        4517        2808
05/09/2020 17:00        2874        1649        2041        1668        1320        2221
05/09/2020 18:00         900        1810        1176         542         498         545
05/09/2020 19:00         485         510         349         266         204          91
05/09/2020 20:00           0           0           0           0           0           0
05/09/2020 21:00           0           0           0           0           0           0
05/09/2020 22:00           0           0           0           0           0           0
05/09/2020 23:00           0           0           0           0           0           0
06/09/2020 00:00           0           0           0           0           0           0
06/09/2020 01:00           0           0           0           0           0           0
06/09/2020 02:00           0           0           0           0           0           0
06/09/2020 03:00           0           0           0           0           0           0
06/09/2020 04:00           0           0           0           0           0           0
06/09/2020 05:00           0           0           0           0           0           0
06/09/2020 06:00           0           0           0           0           0           0
06/09/2020 07:00           0           0           0           0           0          17
06/09/2020 08:00         170         237         387         339        1148         870
06/09/2020 09:00         593         802        1194        2442        3631        3676
06/09/2020 10:00        2126        2333        2731        2582        2579        2638
06/09/2020 11:00        1855        3929        2910        2517        2296        1793
06/09/2020 12:00        2606        4401        4437        4586        1937         822
06/09/2020 13:00         743        2446        1703        1360        1434        1707
06/09/2020 14:00        3776        5142        1629         963        1264        2018
06/09/2020 15:00        1522        1479        1368        2328        2261        1344
06/09/2020 16:00        1101        1534        1005         592         378         179
06/09/2020 17:00         172         229         425         526         582         624
06/09/2020 18:00         649        1010        1297         981        1430         831
06/09/2020 19:00         598         374         351         251         110          27
06/09/2020 20:00           0           0           0           0           0           0
06/09/2020 21:00           0           0           0           0           0           0
06/09/2020 22:00           0           0           0           0           0           0
06/09/2020 23:00           0           0           0           0           0           0
07/09/2020 00:00           0           0           0           0           0           0
07/09/2020 01:00           0           0           0           0           0           0
07/09/2020 02:00           0           0           0           0           0           0
07/09/2020 03:00           0           0           0           0           0           0
07/09/2020 04:00           0           0           0           0           0           0
07/09/2020 05:00           0           0           0           0           0           0
07/09/2020 06:00           0           0           0           0           0           0
07/09/2020 07:00           0           0           0          17         198         320
07/09/2020 08:00         514         737         982        1249        1520        1831
07/09/2020 09:00        2128        2426        2716        3010        3258        3627
07/09/2020 10:00        3811        3901        4180        4319        4439        4504
07/09/2020 11:00        4602        4673        4705        4662        4717        4764
07/09/2020 12:00        4781        4822        4736        4772        4830        4810
07/09/2020 13:00        4731        4800        4713        4670        4664        4799
07/09/2020 14:00        4952        2605        1388        3792        4947        4663
07/09/2020 15:00        2707        2911        1710        2121        2301        4632
07/09/2020 16:00        4424        4314        4277        4157        3988        2930
07/09/2020 17:00        3308        3406        3215        3128        2730        2012
07/09/2020 18:00        2537        2095        1740        1514        1243         899
07/09/2020 19:00         294         152         159         148          91           2
07/09/2020 20:00           0           0           0           0           0           0
07/09/2020 21:00           0           0           0           0           0           0
07/09/2020 22:00           0           0           0           0           0           0
07/09/2020 23:00           0           0           0           0           0           0
08/09/2020 00:00           0           0           0           0           0           0
08/09/2020 01:00           0           0           0           0           0           0
08/09/2020 02:00           0           0           0           0           0           0
08/09/2020 03:00           0           0           0           0           0           0
08/09/2020 04:00           0           0           0           0           0           0
08/09/2020 05:00           0           0           0           0           0           0
08/09/2020 06:00           0           0           0           0           0           0
08/09/2020 07:00           0           0           0           8          80          96
08/09/2020 08:00         115         106         190         265         466         511
08/09/2020 09:00         494         634         884        1079        1634        1831
08/09/2020 10:00        1820        1476        1613        1670        1923        1806
08/09/2020 11:00        1993        2365        3355        3481        3036        3301
08/09/2020 12:00        4093        3855        3813        3650        3976        3919
08/09/2020 13:00        3927        4548        4588        4485        4527        4380
08/09/2020 14:00        4384        4562        4394        3741        4766        4566
08/09/2020 15:00        4478        4407        4417        4371        4022        4334
08/09/2020 16:00        4254        4310        4088        4192        2969        2685
08/09/2020 17:00        2359        2237        2429        3033        2190        1896
08/09/2020 18:00        1545        1229         972         768         622         511
08/09/2020 19:00         607         644         360         263         122           7
08/09/2020 20:00           0           0           0           0           0           0
08/09/2020 21:00           0           0           0           0           0           0
08/09/2020 22:00           0           0           0           0           0           0
08/09/2020 23:00           0           0           0           0           0           0
09/09/2020 00:00           0           0           0           0           0           0
09/09/2020 01:00           0           0           0           0           0           0
09/09/2020 02:00           0           0           0           0           0           0
09/09/2020 03:00           0           0           0           0           0           0
09/09/2020 04:00           0           0           0           0           0           0
09/09/2020 05:00           0           0           0           0           0           0
09/09/2020 06:00           0           0           0           0           0           0
09/09/2020 07:00           0           0           0           0           0           0
09/09/2020 08:00           0         258         694        1011         515         489
09/09/2020 09:00         611        1172        1065        1372        2837        2989
09/09/2020 10:00        3569        3711        3816        3949        4031        4025
09/09/2020 11:00        3923        4237        4283        4427        4467        4482
09/09/2020 12:00        3135           0           0           0           0           0
09/09/2020 13:00           0           0           0           0           0           0
09/09/2020 14:00           0           0           0           0        1310        2785
09/09/2020 15:00        4114        2455        4173        4293        4532        4472
09/09/2020 16:00        4388        4292        4127        3998        3821        3748
09/09/2020 17:00        2737        3484        3385        3142        2720        2383
09/09/2020 18:00        2116        1897        1607        1382         767         694
09/09/2020 19:00         829         673         538         312          88           0
09/09/2020 20:00           0           0           0           0           0           0
09/09/2020 21:00           0           0           0           0           0           0
09/09/2020 22:00           0           0           0           0           0           0
09/09/2020 23:00           0           0           0           0           0           0
10/09/2020 00:00           0           0           0           0           0           0
10/09/2020 01:00           0           0           0           0           0           0
10/09/2020 02:00           0           0           0           0           0           0
10/09/2020 03:00           0           0           0           0           0           0
10/09/2020 04:00           0           0           0           0           0           0
10/09/2020 05:00           0           0           0           0           0           0
10/09/2020 06:00           0           0           0           0           0           0
10/09/2020 07:00           0           0           0           0          34          97
10/09/2020 08:00          97         124         141         163         228         308
10/09/2020 09:00         550         726         784         773         777         954
10/09/2020 10:00        1128         857         666         855        1565        2062
10/09/2020 11:00        2583        3285        3726        2815        1986        2852
10/09/2020 12:00        4235        4334        4548        4776        4462        4865
10/09/2020 13:00        4529        1912        1235        4416        3428        4325
10/09/2020 14:00        3486        2952        1365        3529        4898        4426
10/09/2020 15:00        4909        3122        1117        2158        4220        4810
10/09/2020 16:00        3140        1386        1285        1435        4412        3966
10/09/2020 17:00        3841        2529        2851        3091        2708        2051
10/09/2020 18:00         856        1300        1724        1134         336         432
10/09/2020 19:00         693         417         256         167          36           0
10/09/2020 20:00           0           0           0           0           0           0
10/09/2020 21:00           0           0           0           0           0           0
10/09/2020 22:00           0           0           0           0           0           0
10/09/2020 23:00           0           0           0           0           0           0
11/09/2020 00:00           0           0           0           0           0           0
11/09/2020 01:00           0           0           0           0           0           0
11/09/2020 02:00           0           0           0           0           0           0
11/09/2020 03:00           0           0           0           0           0           0
11/09/2020 04:00           0           0           0           0           0           0
11/09/2020 05:00           0           0           0           0           0           0
11/09/2020 06:00           0           0           0           0           0           0
11/09/2020 07:00           0           0           0           0          52         252
11/09/2020 08:00         414         581         773         940        1215        1457
11/09/2020 09:00        1653        1926        2164        2420        2690        2934
11/09/2020 10:00        3178        3379        3584        3827        3972        4114
11/09/2020 11:00        4191        4157        4272        4371        4387        4488
11/09/2020 12:00        4577        3772        2997        3264        4802        4578
11/09/2020 13:00        4389        2823        2918        3458        4959        4254
11/09/2020 14:00        3907        4682        4739        4663        4586        4489
11/09/2020 15:00        4083        4403        4246        4192        4165        3937
11/09/2020 16:00        3611        3911        3749        3397        3386        2998
11/09/2020 17:00        2941        2823        2720        2436        1998        1656
11/09/2020 18:00        1383        1296        1119         957         794         644
11/09/2020 19:00         515         429         307         204         122           1
11/09/2020 20:00           0           0           0           0           0           0
11/09/2020 21:00           0           0           0           0           0           0
11/09/2020 22:00           0           0           0           0           0           0
11/09/2020 23:00           0           0           0           0           0           0
12/09/2020 00:00           0           0           0           0           0           0
12/09/2020 01:00           0           0           0           0           0           0
12/09/2020 02:00           0           0           0           0           0           0
12/09/2020 03:00           0           0           0           0           0           0
12/09/2020 04:00           0           0           0           0           0           0
12/09/2020 05:00           0           0           0           0           0           0
12/09/2020 06:00           0           0           0           0           0           0
12/09/2020 07:00           0           0           0           0          56         196
12/09/2020 08:00         364         531         709         937        1086        1357
12/09/2020 09:00        1588        1909        2113        2367        2602        2825
12/09/2020 10:00        3039        3270        3533        3684        4024        4250
12/09/2020 11:00        4241        4597        4743        4859        4932        5028
12/09/2020 12:00        5046        5071        5197        5220        5251        5265
12/09/2020 13:00        5266        5306        5256        5194        5197        5159
12/09/2020 14:00        5117        5084        5131        5021        4839        4855
12/09/2020 15:00        4806        4680        4659        4575        4515        4448
12/09/2020 16:00        4324        4181        4049        3925        3818        3644
12/09/2020 17:00        3412        3189        2955        2697        2487        2238
12/09/2020 18:00        1968        1712        1472        1225         937         761
12/09/2020 19:00         528         397         277         184          37           0
12/09/2020 20:00           0           0           0           0           0           0
12/09/2020 21:00           0           0           0           0           0           0
12/09/2020 22:00           0           0           0           0           0           0
12/09/2020 23:00           0           0           0           0           0           0
13/09/2020 00:00           0           0           0           0           0           0
13/09/2020 01:00           0           0           0           0           0           0
13/09/2020 02:00           0           0           0           0           0           0
13/09/2020 03:00           0           0           0           0           0           0
13/09/2020 04:00           0           0           0           0           0           0
13/09/2020 05:00           0           0           0           0           0           0
13/09/2020 06:00           0           0           0           0           0           0
13/09/2020 07:00           0           0           0           0          88         251
13/09/2020 08:00         414         597         827        1057        1316        1580
13/09/2020 09:00        1856        2148        2424        2679        2963        3220
13/09/2020 10:00        3452        3691        3881        4065        4231        4364
13/09/2020 11:00        4448        4549        4596        4651        4701        4693
13/09/2020 12:00        4723        4821        4758        4893        4864        4882
13/09/2020 13:00        4904        4877        4636        4782        4784        4770
13/09/2020 14:00        4722        4733        4719        4670        4627        4592
13/09/2020 15:00        4593        4530        4462        4387        4336        4271
13/09/2020 16:00        4183        4099        3979        3842        3682        3560
13/09/2020 17:00        3367        3156        2919        2692        2439        2183
13/09/2020 18:00        1907        1643        1379        1131         889         682
13/09/2020 19:00         506         358         245         157          11           0
13/09/2020 20:00           0           0           0           0           0           0
13/09/2020 21:00           0           0           0           0           0           0
13/09/2020 22:00           0           0           0           0           0           0
13/09/2020 23:00           0           0           0           0           0           0
14/09/2020 00:00           0           0           0           0           0           0
14/09/2020 01:00           0           0           0           0           0           0
14/09/2020 02:00           0           0           0           0           0           0
14/09/2020 03:00           0           0           0           0           0           0
14/09/2020 04:00           0           0           0           0           0           0
14/09/2020 05:00           0           0           0           0           0           0
14/09/2020 06:00           0           0           0           0           0           0
14/09/2020 07:00           0           0           0           0          30         216
14/09/2020 08:00         387         558         757         940        1226        1499
14/09/2020 09:00        1758        2051        2347        2607        2900        3153
14/09/2020 10:00        3368        3576        3731        3901        4030        4140
14/09/2020 11:00        4233        4305        4361        4293        4430        4463
14/09/2020 12:00        4472        4463        4480        4491        4490        4503
14/09/2020 13:00        4510        4533        4561        4594        4564        4570
14/09/2020 14:00        4542        4536        4481        4438        4361        4341
14/09/2020 15:00        4315        4262        4226        4167        4126        4042
14/09/2020 16:00        3914        3857        3773        3634        3525        3402
14/09/2020 17:00        3246        3065        2836        2595        2353        2111
14/09/2020 18:00        1816        1606        1356        1086         857         653
14/09/2020 19:00         448         308         209         117           0           0
14/09/2020 20:00           0           0           0           0           0           0
14/09/2020 21:00           0           0           0           0           0           0
14/09/2020 22:00           0           0           0           0           0           0
14/09/2020 23:00           0           0           0           0           0           0
15/09/2020 00:00           0           0           0           0           0           0
15/09/2020 01:00           0           0           0           0           0           0
15/09/2020 02:00           0           0           0           0           0           0
15/09/2020 03:00           0           0           0           0           0           0
15/09/2020 04:00           0           0           0           0           0           0
15/09/2020 05:00           0           0           0           0           0           0
15/09/2020 06:00           0           0           0           0           0           0
15/09/2020 07:00           0           0           0           0           0          56
15/09/2020 08:00         285         496         545         664        1247        1087
15/09/2020 09:00        1264        1371        1649        1346        1864        2613
15/09/2020 10:00        2732        2471        2740        3852        3621        3240
15/09/2020 11:00        4614        4098        2189        1995        2016        2550
15/09/2020 12:00        2493        3319        4511        4469        4454        4438
15/09/2020 13:00        4419        4401        4407        4465        4420        4356
15/09/2020 14:00        4357        4335        2350        3067        2771        2146
15/09/2020 15:00        3186        3176        3137        3084        3001        2989
15/09/2020 16:00        2930        2859        2801        2671        2193        1549
15/09/2020 17:00        2262        2836        2682        2351        2052        1851
15/09/2020 18:00        1663        1498         563         749         845         574
15/09/2020 19:00         527         392         224          78           0           0
15/09/2020 20:00           0           0           0           0           0           0
15/09/2020 21:00           0           0           0           0           0           0
15/09/2020 22:00           0           0           0           0           0           0
15/09/2020 23:00           0           0           0           0           0           0
16/09/2020 00:00           0           0           0           0           0           0
16/09/2020 01:00           0           0           0           0           0           0
16/09/2020 02:00           0           0           0           0           0           0
16/09/2020 03:00           0           0           0           0           0           0
16/09/2020 04:00           0           0           0           0           0           0
16/09/2020 05:00           0           0           0           0           0           0
16/09/2020 06:00           0           0           0           0           0           0
16/09/2020 07:00           0           0           0           0           0           6
16/09/2020 08:00         150         418         655         889        1130        1385
16/09/2020 09:00        1621        1900        2181        2445        2707        2329
16/09/2020 10:00        3208        3426        3621        3771        3923        4028
16/09/2020 11:00        4127        4218        4324        4365        4407        4451
16/09/2020 12:00        4526        4487        4582        4616        4615        4600
16/09/2020 13:00        4616        4633        4626        4541        4469        4490
16/09/2020 14:00        4549        4366        4584        4474        4405        4412
16/09/2020 15:00        4315        4303        4225        4113        4053        3974
16/09/2020 16:00        3761        3747        3744        3593        3438        2608
16/09/2020 17:00        3024        1483        2631        2439        2197        1832
16/09/2020 18:00        1684        1455        1176         928         701         513
16/09/2020 19:00         356         246         165          69          10           0
16/09/2020 20:00           0           0           0           0           0           0
16/09/2020 21:00           0           0           0           0           0           0
16/09/2020 22:00           0           0           0           0           0           0
16/09/2020 23:00           0           0           0           0           0           0
17/09/2020 00:00           0           0           0           0           0           0
17/09/2020 01:00           0           0           0           0           0           0
17/09/2020 02:00           0           0           0           0           0           0
17/09/2020 03:00           0           0           0           0           0           0
17/09/2020 04:00           0           0           0           0           0           0
17/09/2020 05:00           0           0           0           0           0           0
17/09/2020 06:00           0           0           0           0           0           0
17/09/2020 07:00           0           0           0           0           0          22
17/09/2020 08:00         154         345         601         786         996        1244
17/09/2020 09:00        1111        1412        2067        2307        2524        2645
17/09/2020 10:00        2867        2667        3234        2659        4021        4254
17/09/2020 11:00        4402        4585        4747        4865        5053        5156
17/09/2020 12:00        5210        5261        5292        5157        5292        5291
17/09/2020 13:00        5319        5376        5376        5345        5360        5352
17/09/2020 14:00        5364        5349        5339        5311        5287        5209
17/09/2020 15:00        5197        5051        5067        4981        4815        4668
17/09/2020 16:00        4530        4185        4190        3963        3716        3503
17/09/2020 17:00        3268        3010        2736        2460        2165        1871
17/09/2020 18:00        1633        1450        1230        1016         809         614
17/09/2020 19:00         441         307         202          80           4           0
17/09/2020 20:00           0           0           0           0           0           0
17/09/2020 21:00           0           0           0           0           0           0
17/09/2020 22:00           0           0           0           0           0           0
17/09/2020 23:00           0           0           0           0           0           0
18/09/2020 00:00           0           0           0           0           0           0
18/09/2020 01:00           0           0           0           0           0           0
18/09/2020 02:00           0           0           0           0           0           0
18/09/2020 03:00           0           0           0           0           0           0
18/09/2020 04:00           0           0           0           0           0           0
18/09/2020 05:00           0           0           0           0           0           0
18/09/2020 06:00           0           0           0           0           0           0
18/09/2020 07:00           0           0           0           0          33         118
18/09/2020 08:00         291         394         550         767         998        1249
18/09/2020 09:00        1501        1758        2030        2302        2555        2822
18/09/2020 10:00        3069        3309        3564        3808        4006        4197
18/09/2020 11:00        4366        4553        4752        4899        5035        5101
18/09/2020 12:00        5163        5255        5306        5357        5404        5445
18/09/2020 13:00        5382        5431        5441        5441        5400        5378
18/09/2020 14:00        5399        5057        5303        5301        5189        5061
18/09/2020 15:00        4943        4875        4528        4300        3398        3362
18/09/2020 16:00        4707        2451        2296        2229        1890        2019
18/09/2020 17:00        1792        2117        2643        2575        2528        1198
18/09/2020 18:00         815         930        1194        1168        1004         660
18/09/2020 19:00         350         263         116           8           0           0
18/09/2020 20:00           0           0           0           0           0           0
18/09/2020 21:00           0           0           0           0           0           0
18/09/2020 22:00           0           0           0           0           0           0
18/09/2020 23:00           0           0           0           0           0           0
19/09/2020 00:00           0           0           0           0           0           0
19/09/2020 01:00           0           0           0           0           0           0
19/09/2020 02:00           0           0           0           0           0           0
19/09/2020 03:00           0           0           0           0           0           0
19/09/2020 04:00           0           0           0           0           0           0
19/09/2020 05:00           0           0           0           0           0           0
19/09/2020 06:00           0           0           0           0           0           0
19/09/2020 07:00           0           0           0           0           0           0
19/09/2020 08:00           0           0           0          20         297         303
19/09/2020 09:00         233         249         470         948        1113        1242
19/09/2020 10:00        1200        1169        1364        3505        2709        3097
19/09/2020 11:00        1934        1670        1949        3025        2740        2156
19/09/2020 12:00        2730        3362        4669        5123        4331        3073
19/09/2020 13:00        4433        5154        4775        4449        5228        5132
19/09/2020 14:00        4206        3619        1795        1811        2435        1917
19/09/2020 15:00        2880        3429        2599        2772        1388        1877
19/09/2020 16:00        1499        1527        1970        2542        2945        2452
19/09/2020 17:00        2582        1605        1556        1808        1140        1396
19/09/2020 18:00        1596        1093         532         333         245         100
19/09/2020 19:00          42          39          12           0           0           0
19/09/2020 20:00           0           0           0           0           0           0
19/09/2020 21:00           0           0           0           0           0           0
19/09/2020 22:00           0           0           0           0           0           0
19/09/2020 23:00           0           0           0           0           0           0
20/09/2020 00:00           0           0           0           0           0           0
20/09/2020 01:00           0           0           0           0           0           0
20/09/2020 02:00           0           0           0           0           0           0
20/09/2020 03:00           0           0           0           0           0           0
20/09/2020 04:00           0           0           0           0           0           0
20/09/2020 05:00           0           0           0           0           0           0
20/09/2020 06:00           0           0           0           0           0           0
20/09/2020 07:00           0           0           0           0           0           0
20/09/2020 08:00           2         134         426         385         449         480
20/09/2020 09:00         531         571         598         769        1741        3199
20/09/2020 10:00        2643        1726        4208        4017        3893        4120
20/09/2020 11:00        4272        4423        4593        4613        4826        3177
20/09/2020 12:00        2932        3664        2598        2491        2981        2702
20/09/2020 13:00        2027        2278        5561        4155        2976        3299
20/09/2020 14:00        3491        3211        5455        4903        5063        5008
20/09/2020 15:00        4627        4796        4993        4819        2726        2934
20/09/2020 16:00        2547        1883        1797        3880        3670        3272
20/09/2020 17:00        2920        2732        2508        2258        2027        1770
20/09/2020 18:00        1517        1261        1019         815         583         439
20/09/2020 19:00         311         131          32           0           0           0
20/09/2020 20:00           0           0           0           0           0           0
20/09/2020 21:00           0           0           0           0           0           0
20/09/2020 22:00           0           0           0           0           0           0
20/09/2020 23:00           0           0           0           0           0           0
21/09/2020 00:00           0           0           0           0           0           0
21/09/2020 01:00           0           0           0           0           0           0
21/09/2020 02:00           0           0           0           0           0           0
21/09/2020 03:00           0           0           0           0           0           0
21/09/2020 04:00           0           0           0           0           0           0
21/09/2020 05:00           0           0           0           0           0           0
21/09/2020 06:00           0           0           0           0           0           0
21/09/2020 07:00           0           0           0           0           0         102
21/09/2020 08:00         282         410         564         850        1085        1358
21/09/2020 09:00        1641        1959        1624        1856        2153        2860
21/09/2020 10:00        3230        3593        3805        4085        4295        4469
21/09/2020 11:00        4613        4768        4900        5042        5122        5185
21/09/2020 12:00        5230        5263        5320        5326        5289        5318
21/09/2020 13:00        5282        5331        5385        5292        5295        5300
21/09/2020 14:00        5237        5213        5220        5188        5116        5069
21/09/2020 15:00        4967        4857        4805        4711        4656        4534
21/09/2020 16:00        4339        3434        3818        3827        3628        3419
21/09/2020 17:00        3197        2965        2717        2449        2187        1928
21/09/2020 18:00        1635        1379        1118         869         649         462
21/09/2020 19:00         316         166          23           0           0           0
21/09/2020 20:00           0           0           0           0           0           0
21/09/2020 21:00           0           0           0           0           0           0
21/09/2020 22:00           0           0           0           0           0           0
21/09/2020 23:00           0           0           0           0           0           0
22/09/2020 00:00           0           0           0           0           0           0
22/09/2020 01:00           0           0           0           0           0           0
22/09/2020 02:00           0           0           0           0           0           0
22/09/2020 03:00           0           0           0           0           0           0
22/09/2020 04:00           0           0           0           0           0           0
22/09/2020 05:00           0           0           0           0           0           0
22/09/2020 06:00           0           0           0           0           0           0
22/09/2020 07:00           0           0           0           0           0          25
22/09/2020 08:00         194         366         556         761         980        1225
22/09/2020 09:00        1498        1769        2071        2347        2614        2877
22/09/2020 10:00        3142        3388        3630        3864        4074        4277
22/09/2020 11:00        4470        4637        4781        4909        5021        5079
22/09/2020 12:00        5111        5117        5248        5329        5330        5306
22/09/2020 13:00        5237        5270        5279        5270        5288        5345
22/09/2020 14:00        5230        5210        5123        4901        5011        4979
22/09/2020 15:00        4955        4895        4802        4687        4602        4513
22/09/2020 16:00        4335        4183        3972        3800        3506        3291
22/09/2020 17:00        3104        2849        2596        2331        2089        1871
22/09/2020 18:00        1589        1325        1067         773         502         283
22/09/2020 19:00          95          32           0           0           0           0
22/09/2020 20:00           0           0           0           0           0           0
22/09/2020 21:00           0           0           0           0           0           0
22/09/2020 22:00           0           0           0           0           0           0
22/09/2020 23:00           0           0           0           0           0           0
23/09/2020 00:00           0           0           0           0           0           0
23/09/2020 01:00           0           0           0           0           0           0
23/09/2020 02:00           0           0           0           0           0           0
23/09/2020 03:00           0           0           0           0           0           0
23/09/2020 04:00           0           0           0           0           0           0
23/09/2020 05:00           0           0           0           0           0           0
23/09/2020 06:00           0           0           0           0           0           0
23/09/2020 07:00           0           0           0           0           0           0
23/09/2020 08:00           0           8         195         492         409         349
23/09/2020 09:00         161         101         212         346         822        1262
23/09/2020 10:00        1503        1245         515         370         685        1912
23/09/2020 11:00        2472        4162        3600        2998        3088        2479
23/09/2020 12:00        3163        2514        2616        4899        3375        1613
23/09/2020 13:00        2180        1488        2492        2538        1788        3049
23/09/2020 14:00        2366        2167        2787        2430        2355        1699
23/09/2020 15:00        1997        2067        1973        1717        1766        1852
23/09/2020 16:00        1704        1350        1390        1546        1670        1550
23/09/2020 17:00        1250        1203         962         629         729         916
23/09/2020 18:00         657         296          38           0          12          21
23/09/2020 19:00           0           0           0           0           0           0
23/09/2020 20:00           0           0           0           0           0           0
23/09/2020 21:00           0           0           0           0           0           0
23/09/2020 22:00           0           0           0           0           0           0
23/09/2020 23:00           0           0           0           0           0           0
24/09/2020 00:00           0           0           0           0           0           0
24/09/2020 01:00           0           0           0           0           0           0
24/09/2020 02:00           0           0           0           0           0           0
24/09/2020 03:00           0           0           0           0           0           0
24/09/2020 04:00           0           0           0           0           0           0
24/09/2020 05:00           0           0           0           0           0           0
24/09/2020 06:00           0           0           0           0           0           0
24/09/2020 07:00           0           0           0           0           0         126
24/09/2020 08:00         308         467         719         920         743        1044
24/09/2020 09:00        1536        1439        1130        1238        2408        2776
24/09/2020 10:00        3365        3862        3155        3081        2555        2522
24/09/2020 11:00        3296        2971        2780        3602        3130        3844
24/09/2020 12:00        4273        4189        4869        2868        1845        2875
24/09/2020 13:00        2025        1706        3298        2324        2920        2095
24/09/2020 14:00         869         848         497         464         450         600
24/09/2020 15:00         599         747        1607        1437        1764        1514
24/09/2020 16:00         895        1016        2266        1398        2031        1162
24/09/2020 17:00        1370        1526         911        1446         989         770
24/09/2020 18:00         799         212          11           0           0         108
24/09/2020 19:00         480          17           0           0           0           0
24/09/2020 20:00           0           0           0           0           0           0
24/09/2020 21:00           0           0           0           0           0           0
24/09/2020 22:00           0           0           0           0           0           0
24/09/2020 23:00           0           0           0           0           0           0
25/09/2020 00:00           0           0           0           0           0           0
25/09/2020 01:00           0           0           0           0           0           0
25/09/2020 02:00           0           0           0           0           0           0
25/09/2020 03:00           0           0           0           0           0           0
25/09/2020 04:00           0           0           0           0           0           0
25/09/2020 05:00           0           0           0           0           0           0
25/09/2020 06:00           0           0           0           0           0           0
25/09/2020 07:00           0           0           0           0           0           0
25/09/2020 08:00           0          68          68         121          32         270
25/09/2020 09:00         553         599         620        1695        2190        3746
25/09/2020 10:00        2299        1609         671        1193        3181        2566
25/09/2020 11:00        2866         533         718         540         788         796
25/09/2020 12:00        2409        2291        2235        3301        3529        1739
25/09/2020 13:00        3344        1283        3191        2318         192          65
25/09/2020 14:00         686         951        1143        1565        1855         984
25/09/2020 15:00         755         757        1695        1744        1111        1961
25/09/2020 16:00        2332        2197        4634        4441        4107        3429
25/09/2020 17:00        3488        1442        1324        1520        1338         717
25/09/2020 18:00         526          91         358         230         246         261
25/09/2020 19:00         118           8           0           0           0           0
25/09/2020 20:00           0           0           0           0           0           0
25/09/2020 21:00           0           0           0           0           0           0
25/09/2020 22:00           0           0           0           0           0           0
25/09/2020 23:00           0           0           0           0           0           0
26/09/2020 00:00           0           0           0           0           0           0
26/09/2020 01:00           0           0           0           0           0           0
26/09/2020 02:00           0           0           0           0           0           0
26/09/2020 03:00           0           0           0           0           0           0
26/09/2020 04:00           0           0           0           0           0           0
26/09/2020 05:00           0           0           0           0           0           0
26/09/2020 06:00           0           0           0           0           0           0
26/09/2020 07:00           0           0           0           0           0           0
26/09/2020 08:00          60         202         415         669         982         699
26/09/2020 09:00         420         565         664         889        1061        1101
26/09/2020 10:00        1162        1355        2100        1746        1613        1706
26/09/2020 11:00        1879        2141        2431        2467        3700        2593
26/09/2020 12:00        4029        2679        3734        2228        3137        3766
26/09/2020 13:00        3171        4071        4539        3871        3995        3938
26/09/2020 14:00        4222        3690        4021        4514        4468        4148
26/09/2020 15:00        4331        2455        1352        1911        2684        4537
26/09/2020 16:00        2461        1426        1050        1525        1539        1285
26/09/2020 17:00        1470         769         656         592         466         537
26/09/2020 18:00         728         495         214          92         190          32
26/09/2020 19:00          13          10           0           0           0           0
26/09/2020 20:00           0           0           0           0           0           0
26/09/2020 21:00           0           0           0           0           0           0
26/09/2020 22:00           0           0           0           0           0           0
26/09/2020 23:00           0           0           0           0           0           0
27/09/2020 00:00           0           0           0           0           0           0
27/09/2020 01:00           0           0           0           0           0           0
27/09/2020 02:00           0           0           0           0           0           0
27/09/2020 03:00           0           0           0           0           0           0
27/09/2020 04:00           0           0           0           0           0           0
27/09/2020 05:00           0           0           0           0           0           0
27/09/2020 06:00           0           0           0           0           0           0
27/09/2020 07:00           0           0           0           0           0           0
27/09/2020 08:00           0           0           0           0           0           0
27/09/2020 09:00           0          17          37         197         363         480
27/09/2020 10:00         892        1006        1363         700        1115        1686
27/09/2020 11:00        2166        1851        1137         706        1132         939
27/09/2020 12:00         762         722         850         736         942         831
27/09/2020 13:00         996        1073         932        1406        1258         449
27/09/2020 14:00         526         698        1034         766         920        1008
27/09/2020 15:00        1817        1448        2451        3002        1581        1043
27/09/2020 16:00        1905        1186         733         373         174         183
27/09/2020 17:00         397         341         185         107           8          76
27/09/2020 18:00          58         136          67          14          46          40
27/09/2020 19:00          59          10           0           0           0           0
27/09/2020 20:00           0           0           0           0           0           0
27/09/2020 21:00           0           0           0           0           0           0
27/09/2020 22:00           0           0           0           0           0           0
27/09/2020 23:00           0           0           0           0           0           0
28/09/2020 00:00           0           0           0           0           0           0
28/09/2020 01:00           0           0           0           0           0           0
28/09/2020 02:00           0           0           0           0           0           0
28/09/2020 03:00           0           0           0           0           0           0
28/09/2020 04:00           0           0           0           0           0           0
28/09/2020 05:00           0           0           0           0           0           0
28/09/2020 06:00           0           0           0           0           0           0
28/09/2020 07:00           0           0           0           0           0           0
28/09/2020 08:00           0           0           0           0           0           0
28/09/2020 09:00           0           0           0           0           0           0
28/09/2020 10:00           0          32          29          57          76         146
28/09/2020 11:00         150         336         377         373         640         811
28/09/2020 12:00         631         664         780         765         564         527
28/09/2020 13:00         661         529         305         293         268         231
28/09/2020 14:00         309         300         394         420         277         273
28/09/2020 15:00         211         343         394         400         489         389
28/09/2020 16:00         418         352         297         316         313         307
28/09/2020 17:00         324         363         479         383         251         189
28/09/2020 18:00         221         298         409         407         342         260
28/09/2020 19:00          58           0           0           0           0           0
28/09/2020 20:00           0           0           0           0           0           0
28/09/2020 21:00           0           0           0           0           0           0
28/09/2020 22:00           0           0           0           0           0           0
28/09/2020 23:00           0           0           0           0           0           0
29/09/2020 00:00           0           0           0           0           0           0
29/09/2020 01:00           0           0           0           0           0           0
29/09/2020 02:00           0           0           0           0           0           0
29/09/2020 03:00           0           0           0           0           0           0
29/09/2020 04:00           0           0           0           0           0           0
29/09/2020 05:00           0           0           0           0           0           0
29/09/2020 06:00           0           0           0           0           0           0
29/09/2020 07:00           0           0           0           0           0           0
29/09/2020 08:00           0           0           0          33         139         202
29/09/2020 09:00         232         285         289         384        1121        1266
29/09/2020 10:00         957         849         839         803        1016        1330
29/09/2020 11:00        1407        1335        1317        1910        2079        2424
29/09/2020 12:00        2606        2226        2171        2184        2542        2213
29/09/2020 13:00        1802        1726        1195        1444        1410        1820
29/09/2020 14:00        2108        1499         498         480         487         663
29/09/2020 15:00         968        1684         872         438         619         794
29/09/2020 16:00         293         604        1100        1368        1206        1085
29/09/2020 17:00        1380        1160        1005         690         604         597
29/09/2020 18:00         243          60          41         262          94           0
29/09/2020 19:00           0           0           0           0           0           0
29/09/2020 20:00           0           0           0           0           0           0
29/09/2020 21:00           0           0           0           0           0           0
29/09/2020 22:00           0           0           0           0           0           0
29/09/2020 23:00           0           0           0           0           0           0
30/09/2020 00:00           0           0           0           0           0           0
30/09/2020 01:00           0           0           0           0           0           0
30/09/2020 02:00           0           0           0           0           0           0
30/09/2020 03:00           0           0           0           0           0           0
30/09/2020 04:00           0           0           0           0           0           0
30/09/2020 05:00           0           0           0           0           0           0
30/09/2020 06:00           0           0           0           0           0           0
30/09/2020 07:00           0           0           0           0           0           0
30/09/2020 08:00           0          15         139         280         326         374
30/09/2020 09:00         438         566         630         786         938         998
30/09/2020 10:00        1037        1105        1282        1394        1830        1075
30/09/2020 11:00         999        2252        1977        2054        3449        3416
30/09/2020 12:00        1615        1132         986        1885        1182        1694
30/09/2020 13:00        2393        2446        3152        3412        2428        2673
30/09/2020 14:00        1341        1264        1281        1397        1463        1863
30/09/2020 15:00        1364        1591        1239        1149        1075         923
30/09/2020 16:00        1180        1367        1213        1146        1613        1226
30/09/2020 17:00         920         693         686         765         999         795
30/09/2020 18:00         480         429         313         294         227         133
30/09/2020 19:00           5           0           0           0           0           0
30/09/2020 20:00           0           0           0           0           0           0
30/09/2020 21:00           0           0           0           0           0           0
30/09/2020 22:00           0           0           0           0           0           0
30/09/2020 23:00           0           0           0           0           0           0
01/10/2020 00:00           0           0           0           0           0           0
01/10/2020 01:00           0           0           0           0           0           0
