01/08/2020 02:00           0           0           0           0           0           0
01/08/2020 03:00           0           0           0           0           0           0
01/08/2020 04:00           0           0           0           0           0           0
01/08/2020 05:00           0           0           0           0           0           0
01/08/2020 06:00           0           0           0           0           0           0
01/08/2020 07:00         131         287         375         521         712         923
01/08/2020 08:00        1160        1299        1002         727         646         665
01/08/2020 09:00         674         694         695         902        1011        1256
01/08/2020 10:00        1241        1518        1165         897         983         936
01/08/2020 11:00         936        1456        1304        1410        1498        1457
01/08/2020 12:00        1355        2094        2673        2568        3269        3209
01/08/2020 13:00        3561        3562        3938        3766        3852        3325
01/08/2020 14:00        3778        3764        2939        2827        2378        2747
01/08/2020 15:00        2257        2266        2454        2993        2661        3238
01/08/2020 16:00        3158        1874        2654        1974        1590        1667
01/08/2020 17:00        1393        2436        2224        1481        1250        1163
01/08/2020 18:00        1307        1357         850        1118         980         833
01/08/2020 19:00         749         709         562         494         424         387
01/08/2020 20:00         395         363         296         258         191         112
01/08/2020 21:00           6           0           0           0           0           0
01/08/2020 22:00           0           0           0           0           0           0
01/08/2020 23:00           0           0           0           0           0           0
02/08/2020 00:00           0           0           0           0           0           0
02/08/2020 01:00           0           0           0           0           0           0
02/08/2020 02:00           0           0           0           0           0           0
02/08/2020 03:00           0           0           0           0           0           0
02/08/2020 04:00           0           0           0           0           0           0
02/08/2020 05:00           0           0           0           0           0           0
02/08/2020 06:00           0           0           0           0           0           0
02/08/2020 07:00           0           0           0           0           0           0
02/08/2020 08:00           0           0           0           0           0           0
02/08/2020 09:00           0           0           0           0           0           0
02/08/2020 10:00           0           0           0           0           0           0
02/08/2020 11:00           0           0           0           0           0           0
02/08/2020 12:00           0           0           0           0           0           0
02/08/2020 13:00           0           0           0           0           0           0
02/08/2020 14:00           0           0           0           0           0           0
02/08/2020 15:00           0           0           0           0           0           0
02/08/2020 16:00           0           0           0           0           0           0
02/08/2020 17:00           0           0           0           0           0           0
02/08/2020 18:00           0           0           0           0           0           0
02/08/2020 19:00           0           0           0           0           0           0
02/08/2020 20:00           0           0           0           0           0           0
02/08/2020 21:00           0           0           0           0           0           0
02/08/2020 22:00           0           0           0           0           0           0
02/08/2020 23:00           0           0           0           0           0           0
03/08/2020 00:00           0           0           0           0           0           0
03/08/2020 01:00           0           0           0           0           0           0
03/08/2020 02:00           0           0           0           0           0           0
03/08/2020 03:00           0           0           0           0           0           0
03/08/2020 04:00           0           0           0           0           0           0
03/08/2020 05:00           0           0           0           0           0           0
03/08/2020 06:00           0           0           0           0           0           0
03/08/2020 07:00           0           0           0           0           0           0
03/08/2020 08:00           0           0           0           0           0           0
03/08/2020 09:00           0           0           0           0           0           0
03/08/2020 10:00           0           0           0           0           0           0
03/08/2020 11:00           0           0           0           0           0           0
03/08/2020 12:00           0           0           0           0           0           0
03/08/2020 13:00           0           0           0           0         137        1090
03/08/2020 14:00         349         327         451         675        1846        1781
03/08/2020 15:00        2208        2543        1541        3448        3713        3320
03/08/2020 16:00        3870        3332        2235        1023        3068        3554
03/08/2020 17:00        1308         621        1045        1209         998         865
03/08/2020 18:00         698        1701        2305        1525         495         631
03/08/2020 19:00         380         485         378         915         626         492
03/08/2020 20:00         300         319         208         148         110          58
03/08/2020 21:00          17           0           0           0           0           0
03/08/2020 22:00           0           0           0           0           0           0
03/08/2020 23:00           0           0           0           0           0           0
04/08/2020 00:00           0           0           0           0           0           0
04/08/2020 01:00           0           0           0           0           0           0
04/08/2020 02:00           0           0           0           0           0           0
04/08/2020 03:00           0           0           0           0           0           0
04/08/2020 04:00           0           0           0           0           0           0
04/08/2020 05:00           0           0           0           0           0           0
04/08/2020 06:00           0           0           0           0           0           0
04/08/2020 07:00          68         178         257         366         500         645
04/08/2020 08:00         817        1006        1201        1399        1603        1812
04/08/2020 09:00        2013        2216        2412        2600        2797        2967
04/08/2020 10:00        3146        3310        3449        3596        3680        3303
04/08/2020 11:00        4028        4107        3924        4276        4135        3859
04/08/2020 12:00        4006        4149        4057        3536        3351        4023
04/08/2020 13:00        3560        3858        1662        3444        3642        3267
04/08/2020 14:00         872        2702        1765        2818        4047        3822
04/08/2020 15:00        3839        3963        4282        4234        4145        4101
04/08/2020 16:00        4078        3960        3614        3155        3647        3066
04/08/2020 17:00        3380        2550        2961        2888        2682        2493
04/08/2020 18:00        2310        2062        1722        1714        1608        1433
04/08/2020 19:00        1213        1043         872         702         497         417
04/08/2020 20:00         308         224         167         123          87          34
04/08/2020 21:00           0           0           0           0           0           0
04/08/2020 22:00           0           0           0           0           0           0
04/08/2020 23:00           0           0           0           0           0           0
05/08/2020 00:00           0           0           0           0           0           0
05/08/2020 01:00           0           0           0           0           0           0
05/08/2020 02:00           0           0           0           0           0           0
05/08/2020 03:00           0           0           0           0           0           0
05/08/2020 04:00           0           0           0           0           0           0
05/08/2020 05:00           0           0           0           0           0           0
05/08/2020 06:00           0           0           0           0           0           0
05/08/2020 07:00          32          83         208         306         431         573
05/08/2020 08:00         736         917        1110        1242        1508        1714
05/08/2020 09:00        1913        2108        2293        2468        2642        2805
05/08/2020 10:00        2969        3116        3271        3410        3528        3663
05/08/2020 11:00        3787        3873        3956        4029        2778           0
05/08/2020 12:00           0           0           0           0           0           0
05/08/2020 13:00           0        2520        3942        3926        1566        3504
05/08/2020 14:00        3930        3962        3929        3955        3915        3935
05/08/2020 15:00        3897        3861        3936        3830        3844        3703
05/08/2020 16:00           0           0           0           0           0           0
05/08/2020 17:00         457        3062        2971        2825        2662        2497
05/08/2020 18:00        2294        2141        1962        1774        1534        1115
05/08/2020 19:00        1210        1027         845         658         514         396
05/08/2020 20:00         182          80          58          42          22           0
05/08/2020 21:00           0           0           0           0           0           0
05/08/2020 22:00           0           0           0           0           0           0
05/08/2020 23:00           0           0           0           0           0           0
06/08/2020 00:00           0           0           0           0           0           0
06/08/2020 01:00           0           0           0           0           0           0
06/08/2020 02:00           0           0           0           0           0           0
06/08/2020 03:00           0           0           0           0           0           0
06/08/2020 04:00           0           0           0           0           0           0
06/08/2020 05:00           0           0           0           0           0           0
06/08/2020 06:00           0           0           0           0           0           4
06/08/2020 07:00          85         141         212         312         312         515
06/08/2020 08:00         742         888         865        1206        1055        1461
06/08/2020 09:00        1664        2091        2002        2148        2250        2835
06/08/2020 10:00        2851        2782        3367        3283        3205        3480
06/08/2020 11:00        3594        3547        3687        3504        3771        3683
06/08/2020 12:00        3910        3997        3930        3866        3948        3981
06/08/2020 13:00        3853        4004        4050        3990        4010        3993
06/08/2020 14:00        3978        3964        3345        3268        3846        3738
06/08/2020 15:00        3760        3723        3816        3759        3719        3726
06/08/2020 16:00        3629        3343        3535        3418        3332        3214
06/08/2020 17:00        3083        2985        2857        2704        2550        2395
06/08/2020 18:00        2188        1866        1865        1675        1518        1336
06/08/2020 19:00        1151         983         820         666         519         391
06/08/2020 20:00         288         209         155          97          46          22
06/08/2020 21:00           0           0           0           0           0           0
06/08/2020 22:00           0           0           0           0           0           0
06/08/2020 23:00           0           0           0           0           0           0
07/08/2020 00:00           0           0           0           0           0           0
07/08/2020 01:00           0           0           0           0           0           0
07/08/2020 02:00           0           0           0           0           0           0
07/08/2020 03:00           0           0           0           0           0           0
07/08/2020 04:00           0           0           0           0           0           0
07/08/2020 05:00           0           0           0           0           0           0
07/08/2020 06:00           0           0           0           0           0           0
07/08/2020 07:00           0          21         114         246         403         539
07/08/2020 08:00         697         872        1056        1250        1443        1636
07/08/2020 09:00        1827        2018        2198        2383        2549        1700
07/08/2020 10:00        1445        1748        1837        1450         823         790
07/08/2020 11:00         789        1992        2161        2284         992         667
07/08/2020 12:00        2138        1504        2133        3821        3826        3796
07/08/2020 13:00        3783        3833        3836        3823        3796        3798
07/08/2020 14:00        3777        3814        3837        3793        3714        3678
07/08/2020 15:00        3650        3637        3611        3584        3546        3510
07/08/2020 16:00        3411        3409        3365        3282        3134        3036
07/08/2020 17:00        2917        2840        2732        2610        2489        2343
07/08/2020 18:00        2157        2005        1844        1669        1493        1312
07/08/2020 19:00        1135         970         756         642         496         373
07/08/2020 20:00         267         192          91           0           0           0
07/08/2020 21:00           0           0           0           0           0           0
07/08/2020 22:00           0           0           0           0           0           0
07/08/2020 23:00           0           0           0           0           0           0
08/08/2020 00:00           0           0           0           0           0           0
08/08/2020 01:00           0           0           0           0           0           0
08/08/2020 02:00           0           0           0           0           0           0
08/08/2020 03:00           0           0           0           0           0           0
08/08/2020 04:00           0           0           0           0           0           0
08/08/2020 05:00           0           0           0           0           0           0
08/08/2020 06:00           0           0           0           0           0           0
08/08/2020 07:00           0          69         168         234         311         440
08/08/2020 08:00         681         850         995        1179        1263        1474
08/08/2020 09:00        1682        1868        2046        2230        2391        2548
08/08/2020 10:00        2681        2815        2942        3029        3180        3267
08/08/2020 11:00        3351        3397        3480        3522        3581        3488
08/08/2020 12:00        3598        3627        3455        3310        3662        3625
08/08/2020 13:00        3629        2973        3157        3722        3173        2142
08/08/2020 14:00        1764        1445        1178        1136        1619        3572
08/08/2020 15:00        3235        3592        3671        3498        2654        2177
08/08/2020 16:00        3397        3284        1625        1139        1577        1154
08/08/2020 17:00        1385        2876        1397        1202        2055        1388
08/08/2020 18:00         825         737        1347        1670        1334        1225
08/08/2020 19:00         733         794         793         302         244         208
08/08/2020 20:00         127           0           0           0           0           0
08/08/2020 21:00           0           0           0           0           0           0
08/08/2020 22:00           0           0           0           0           0           0
08/08/2020 23:00           0           0           0           0           0           0
09/08/2020 00:00           0           0           0           0           0           0
09/08/2020 01:00           0           0           0           0           0           0
09/08/2020 02:00           0           0           0           0           0           0
09/08/2020 03:00           0           0           0           0           0           0
09/08/2020 04:00           0           0           0           0           0           0
09/08/2020 05:00           0           0           0           0           0           0
09/08/2020 06:00           0           0           0           0           0           0
09/08/2020 07:00           0           0           0          96         365         497
09/08/2020 08:00         493         456         454         528         598         704
09/08/2020 09:00         892        1056        1710        1979        1445        1244
09/08/2020 10:00        1268        2828        2838        2161        3059        2600
09/08/2020 11:00        3003        3171        3394        3411        3330        3470
09/08/2020 12:00        3543        3343        3533        3537        3499        3477
09/08/2020 13:00        3521        3590        3574        3555        3571        3543
09/08/2020 14:00        3494        3425        3493        3457        3388        3365
09/08/2020 15:00        3340        3352        3303        3238        3191        3061
09/08/2020 16:00        3078        3108        3033        2646        2792        2849
09/08/2020 17:00        2450         390         334         327         346         371
09/08/2020 18:00         761        1563        2124        1993        1815        1529
09/08/2020 19:00        1360        1348        1069         866         777         742
09/08/2020 20:00         689         598         446         278         216         208
09/08/2020 21:00         137          20           0           0           0           0
09/08/2020 22:00           0           0           0           0           0           0
09/08/2020 23:00           0           0           0           0           0           0
10/08/2020 00:00           0           0           0           0           0           0
10/08/2020 01:00           0           0           0           0           0           0
10/08/2020 02:00           0           0           0           0           0           0
10/08/2020 03:00           0           0           0           0           0           0
10/08/2020 04:00           0           0           0           0           0           0
10/08/2020 05:00           0           0           0           0           0           0
10/08/2020 06:00           0           0           0           0           0           0
10/08/2020 07:00           0           0           0           0           0           0
10/08/2020 08:00           0           0           0          86         118         164
10/08/2020 09:00         238         369         376         508         505         486
10/08/2020 10:00         534           0           0           0           0           0
10/08/2020 11:00           0           0           0           0           0           0
10/08/2020 12:00         205        1428        2303        1979        2196        1716
10/08/2020 13:00        1985        2228        2262        2383        2345        2347
10/08/2020 14:00        3039        3648        3505        3279        3159        2118
10/08/2020 15:00        3666        3781        3693        3623        3557        3559
10/08/2020 16:00        3529        3439        3369        3304        3237        3102
10/08/2020 17:00        2864        2861        2797        2669        2505        2352
10/08/2020 18:00        2165        1969        1822        1709        1474        1316
10/08/2020 19:00        1088         907         788         635         476         287
10/08/2020 20:00         107          90          69          15           0           0
10/08/2020 21:00           0           0           0           0           0           0
10/08/2020 22:00           0           0           0           0           0           0
10/08/2020 23:00           0           0           0           0           0           0
11/08/2020 00:00           0           0           0           0           0           0
11/08/2020 01:00           0           0           0           0           0           0
11/08/2020 02:00           0           0           0           0           0           0
11/08/2020 03:00           0           0           0           0           0           0
11/08/2020 04:00           0           0           0           0           0           0
11/08/2020 05:00           0           0           0           0           0           0
11/08/2020 06:00           0           0           0           0           0           0
11/08/2020 07:00           0           0           9         112         279         367
11/08/2020 08:00         656         766         976        1187        1376        1570
11/08/2020 09:00        1730        1864        2001        2227        2057        2359
11/08/2020 10:00        2432        2841        3030        3157        3253        3351
11/08/2020 11:00        3420        3498        3568        3638        3640        3695
11/08/2020 12:00        3456        3731        3772        3762        3762        3767
11/08/2020 13:00        3741        3733        3764        3765        3811        3802
11/08/2020 14:00        3742        3751        3752        3696        3602        3538
11/08/2020 15:00        3633        3636        3624        3591        3556        3218
11/08/2020 16:00        1685        1055         708         548         335         164
11/08/2020 17:00          26           0           0           0           0           0
11/08/2020 18:00           0           0           0           0           0           0
11/08/2020 19:00           0           0           0           0           0           0
11/08/2020 20:00           0           0           0           0           0           0
11/08/2020 21:00           0           0           0           0           0           0
11/08/2020 22:00           0           0           0           0           0           0
11/08/2020 23:00           0           0           0           0           0           0
12/08/2020 00:00           0           0           0           0           0           0
12/08/2020 01:00           0           0           0           0           0           0
12/08/2020 02:00           0           0           0           0           0           0
12/08/2020 03:00           0           0           0           0           0           0
12/08/2020 04:00           0           0           0           0           0           0
12/08/2020 05:00           0           0           0           0           0           0
12/08/2020 06:00           0           0           0           0           0           0
12/08/2020 07:00           0           0           0           0           0          19
12/08/2020 08:00         265         591         904        1328         873        1089
12/08/2020 09:00        1250        1665        2677        1902        2336        3900
12/08/2020 10:00        3739        3985        4157        4370        4029        4292
12/08/2020 11:00        4890        5029        5111        5168        5236        5263
12/08/2020 12:00        5314        5379        5363        5395        5159        5431
12/08/2020 13:00        5394        5409        5364        5435        5429        5362
12/08/2020 14:00        4857        4934        5423        5378        5403        5098
12/08/2020 15:00        4945        5241        4898        5141        5180        5141
12/08/2020 16:00        4988        4807        4745        4318        4555        4313
12/08/2020 17:00        4196        3996        3860        3730        3646        1651
12/08/2020 18:00        1015         804         460         203         111          34
12/08/2020 19:00           0           0           0           0           0           0
12/08/2020 20:00           0           0           0           0           0           0
12/08/2020 21:00           0           0           0           0           0           0
12/08/2020 22:00           0           0           0           0           0           0
12/08/2020 23:00           0           0           0           0           0           0
13/08/2020 00:00           0           0           0           0           0           0
13/08/2020 01:00           0           0           0           0           0           0
13/08/2020 02:00           0           0           0           0           0           0
13/08/2020 03:00           0           0           0           0           0           0
13/08/2020 04:00           0           0           0           0           0           0
13/08/2020 05:00           0           0           0           0           0           0
13/08/2020 06:00           0           0           0           0           0           0
13/08/2020 07:00           0           0           0          24         372         283
13/08/2020 08:00         338         977         915        1266        1696        1889
13/08/2020 09:00         784         555         521         833         908        1676
13/08/2020 10:00        4119        4139        4257        4506        4733        4937
13/08/2020 11:00        5131        5355        5354        4950        5211        4654
13/08/2020 12:00        5614        5533        5630        5314        5609        5602
13/08/2020 13:00        5640        5280        4581        4909        5635        5355
13/08/2020 14:00        5505        4937        3747        4861        4172        3838
13/08/2020 15:00        3008        3108        2386        2240        2946        2397
13/08/2020 16:00        2700        4972        4370        3304        4015        4394
13/08/2020 17:00        3832        2624        1923        2454        1099        1009
13/08/2020 18:00         801         997         899        1039         775        1190
13/08/2020 19:00         226           0           0           0           0          46
13/08/2020 20:00          44           0           0           0           0           0
13/08/2020 21:00           0           0           0           0           0           0
13/08/2020 22:00           0           0           0           0           0           0
13/08/2020 23:00           0           0           0           0           0           0
14/08/2020 00:00           0           0           0           0           0           0
14/08/2020 01:00           0           0           0           0           0           0
14/08/2020 02:00           0           0           0           0           0           0
14/08/2020 03:00           0           0           0           0           0           0
14/08/2020 04:00           0           0           0           0           0           0
14/08/2020 05:00           0           0           0           0           0           0
14/08/2020 06:00           0           0           0           0           0           0
14/08/2020 07:00           0           0          53         159         501         661
14/08/2020 08:00         685         927         543         650         952        1267
14/08/2020 09:00        1884        2149        1476         838         676         863
14/08/2020 10:00        1128        2421        3107        1776        1662        1238
14/08/2020 11:00        1548        1559        1410        2331        3545        2312
14/08/2020 12:00        3120        2125        2886        2775        2323        2074
14/08/2020 13:00        2389        3029        3241        2986        2677        2511
14/08/2020 14:00        2307        2771        2663        2698        2961        2835
14/08/2020 15:00        3038        2376        2430        2027        2497        2889
14/08/2020 16:00        2187        2476        2580        2339        2074        2200
14/08/2020 17:00        1460        2057        2668        2003        1099         939
14/08/2020 18:00         882         734         602         617         486         483
14/08/2020 19:00         521         318         255         227         171          99
14/08/2020 20:00         101          32           0           0           0           0
14/08/2020 21:00           0           0           0           0           0           0
14/08/2020 22:00           0           0           0           0           0           0
14/08/2020 23:00           0           0           0           0           0           0
15/08/2020 00:00           0           0           0           0           0           0
15/08/2020 01:00           0           0           0           0           0           0
15/08/2020 02:00           0           0           0           0           0           0
15/08/2020 03:00           0           0           0           0           0           0
15/08/2020 04:00           0           0           0           0           0           0
15/08/2020 05:00           0           0           0           0           0           0
15/08/2020 06:00           0           0           0           0           0           0
15/08/2020 07:00           0           0           0          42          76         281
15/08/2020 08:00         419         403         800        1408        1931        2177
15/08/2020 09:00        2373        2707        2237        2317        1967        1142
15/08/2020 10:00        1220        1565        2282        1632        2308        3433
15/08/2020 11:00        3114        1307        1807        1773        2100        2303
15/08/2020 12:00        2507        2544        2707        2445        2544        3132
15/08/2020 13:00        2840        2793        3328        2871        3084        3552
15/08/2020 14:00        3211        3229        3230        3021        3063        3306
15/08/2020 15:00        3458        2924        3391        3266        3140        2473
15/08/2020 16:00        2144        2488        2789        2709        3215        3181
15/08/2020 17:00        2312        2613        2631        2434        3034        2361
15/08/2020 18:00        2054        1973        1845        1764        1207        1473
15/08/2020 19:00        1383        1091         695         504         476         330
15/08/2020 20:00         287         231         160          46          10           0
15/08/2020 21:00           0           0           0           0           0           0
15/08/2020 22:00           0           0           0           0           0           0
15/08/2020 23:00           0           0           0           0           0           0
16/08/2020 00:00           0           0           0           0           0           0
16/08/2020 01:00           0           0           0           0           0           0
16/08/2020 02:00           0           0           0           0           0           0
16/08/2020 03:00           0           0           0           0           0           0
16/08/2020 04:00           0           0           0           0           0           0
16/08/2020 05:00           0           0           0           0           0           0
16/08/2020 06:00           0           0           0           0           0           0
16/08/2020 07:00           0           0           0           0           0           0
16/08/2020 08:00           0           0           0           0           0           0
16/08/2020 09:00           0           0           0           0           0           0
16/08/2020 10:00           0           0           0           0          13         325
16/08/2020 11:00         705        1469        1575        1936        2439        2382
16/08/2020 12:00        2827        2425        2826        2209        1713        1831
16/08/2020 13:00        2733        3271        3534        3193        3488        3506
16/08/2020 14:00        3477        3411        2643        2919        1853        2496
16/08/2020 15:00        2122        2650        3261        2465        2377        2237
16/08/2020 16:00        3210        2830        2445        3239        3325        2786
16/08/2020 17:00        1003         946        1830        1492         967        2579
16/08/2020 18:00        2363        2402        2362        2205        2072        2004
16/08/2020 19:00        1659        1150         712         595         429         317
16/08/2020 20:00         142         128          34           0           0           0
16/08/2020 21:00           0           0           0           0           0           0
16/08/2020 22:00           0           0           0           0           0           0
16/08/2020 23:00           0           0           0           0           0           0
17/08/2020 00:00           0           0           0           0           0           0
17/08/2020 01:00           0           0           0           0           0           0
17/08/2020 02:00           0           0           0           0           0           0
17/08/2020 03:00           0           0           0           0           0           0
17/08/2020 04:00           0           0           0           0           0           0
17/08/2020 05:00           0           0           0           0           0           0
17/08/2020 06:00           0           0           0           0           0           0
17/08/2020 07:00         197         319         383         319         315         179
17/08/2020 08:00         134         142         422        1026        1379        1117
17/08/2020 09:00        1181        1457        1668        1515        1560        1988
17/08/2020 10:00        2512        2278        1946        1983        2711        3543
17/08/2020 11:00        3065        3580        3484        3149        3226        3707
17/08/2020 12:00        2582        2899        2352        2919        2234        3495
17/08/2020 13:00        1927        1886        3680        2125        1015         950
17/08/2020 14:00         454         593         787         504        1160        3018
17/08/2020 15:00        2854        2812        3181        1197         173        2375
17/08/2020 16:00        2255        1006        2136        2827        3774        2735
17/08/2020 17:00        1930        2324        2163        2600        2755         884
17/08/2020 18:00        1597        2164        2025        1881        1880        1789
17/08/2020 19:00         533        1441        1508         735         484         299
17/08/2020 20:00         265         128          15           0           0           0
17/08/2020 21:00           0           0           0           0           0           0
17/08/2020 22:00           0           0           0           0           0           0
17/08/2020 23:00           0           0           0           0           0           0
18/08/2020 00:00           0           0           0           0           0           0
18/08/2020 01:00           0           0           0           0           0           0
18/08/2020 02:00           0           0           0           0           0           0
18/08/2020 03:00           0           0           0           0           0           0
18/08/2020 04:00           0           0           0           0           0           0
18/08/2020 05:00           0           0           0           0           0           0
18/08/2020 06:00           0           0           0           0           0           0
18/08/2020 07:00           0           0          27         149         326         352
18/08/2020 08:00         444         697         946        1261         891        1056
18/08/2020 09:00         931        2006        2430        2758        2626        3240
18/08/2020 10:00        2351        1398        1458        2792        3361        3426
18/08/2020 11:00        3373        2490        3312        3174        3372        3456
18/08/2020 12:00        2742        2500        2921        3639        3729        3461
18/08/2020 13:00        3485        3634        3636        3297        3444        3546
18/08/2020 14:00        3524        3038        3578        3421        3421        2920
18/08/2020 15:00        2893        3055        3160        3236        3386        1730
18/08/2020 16:00        2728        1147        1091        1872        1232         869
18/08/2020 17:00        1366        3078        3323        1622        2040        1771
18/08/2020 18:00        1668        1552        1315         885         992         540
18/08/2020 19:00         677        1096        1122         620         337         283
18/08/2020 20:00         253         190          95          13           0           0
18/08/2020 21:00           0           0           0           0           0           0
18/08/2020 22:00           0           0           0           0           0           0
18/08/2020 23:00           0           0           0           0           0           0
19/08/2020 00:00           0           0           0           0           0           0
19/08/2020 01:00           0           0           0           0           0           0
19/08/2020 02:00           0           0           0           0           0           0
19/08/2020 03:00           0           0           0           0           0           0
19/08/2020 04:00           0           0           0           0           0           0
19/08/2020 05:00           0           0           0           0           0           0
19/08/2020 06:00           0           0           0           0           0           0
19/08/2020 07:00           0           0           0          15          90          84
19/08/2020 08:00         208         274         455         572         568         758
19/08/2020 09:00        1099        1077        1361        1059         875         580
19/08/2020 10:00         521        1100        1484        1263        1518        2000
19/08/2020 11:00        2358        1954        1850        3271        2965        2970
19/08/2020 12:00        3768        3888        3477        3859        3487        3129
19/08/2020 13:00        3812        3832        3199        2623        2449        1866
19/08/2020 14:00        1885        1051         403         309        1344        2344
19/08/2020 15:00        2640        2806        2634        2320        1766        1835
19/08/2020 16:00        1133        1421        1577        1414        1353        1054
19/08/2020 17:00         732         822         549         490        1244        1262
19/08/2020 18:00         828         783         965        1412         783         483
19/08/2020 19:00         910         802         205         154         121         113
19/08/2020 20:00         335         284          65           0           0           0
19/08/2020 21:00           0           0           0           0           0           0
19/08/2020 22:00           0           0           0           0           0           0
19/08/2020 23:00           0           0           0           0           0           0
20/08/2020 00:00           0           0           0           0           0           0
20/08/2020 01:00           0           0           0           0           0           0
20/08/2020 02:00           0           0           0           0           0           0
20/08/2020 03:00           0           0           0           0           0           0
20/08/2020 04:00           0           0           0           0           0           0
20/08/2020 05:00           0           0           0           0           0           0
20/08/2020 06:00           0           0           0           0           0           0
20/08/2020 07:00           0           0          28         405         622         766
20/08/2020 08:00         860         660         896        1150        1586        2234
20/08/2020 09:00        3150        2912        2024        1649        3052        3819
20/08/2020 10:00        3072        2600        1941        2273        1777        2040
20/08/2020 11:00        2927        2367        2436        2126        2458        3216
20/08/2020 12:00        3494        4850        4075        3740        4177        4330
20/08/2020 13:00        3812        4274        4176        4304        4485        4360
20/08/2020 14:00        4376        3995        4285        4124        3997        3509
20/08/2020 15:00        4225        3597        3775        2871        2279        2415
20/08/2020 16:00        2113        1148        1196        2650        2201        1412
20/08/2020 17:00        1976        1792        2825        2903        1581        1479
20/08/2020 18:00         978         821        1031        1062         756         426
20/08/2020 19:00         554         532         513         398         299         125
20/08/2020 20:00          87          12           0           0           0           0
20/08/2020 21:00           0           0           0           0           0           0
20/08/2020 22:00           0           0           0           0           0           0
20/08/2020 23:00           0           0           0           0           0           0
21/08/2020 00:00           0           0           0           0           0           0
21/08/2020 01:00           0           0           0           0           0           0
21/08/2020 02:00           0           0           0           0           0           0
21/08/2020 03:00           0           0           0           0           0           0
21/08/2020 04:00           0           0           0           0           0           0
21/08/2020 05:00           0           0           0           0           0           0
21/08/2020 06:00           0           0           0           0           0           0
21/08/2020 07:00           0           0           0          37         233         267
21/08/2020 08:00         285         461         528         652         818        1732
21/08/2020 09:00        1777        2647        1937        1944        2501        1851
21/08/2020 10:00        2284        3862        4292        3441        4719        4668
21/08/2020 11:00        4181        4829        2752        2251        2588        2651
21/08/2020 12:00        3950        4565        4546        4280        4214        4651
21/08/2020 13:00        4709        4637        4776        4761        4795        4835
21/08/2020 14:00        4825        4728        4820        4717        4748        4869
21/08/2020 15:00        4795        4766        4623        4349        4526        4279
21/08/2020 16:00        3504        3852        2849        2594        3159        2301
21/08/2020 17:00        1659        2736        1775        1110        1629        2906
21/08/2020 18:00        1298        1698        1319        1869        1544        1644
21/08/2020 19:00        1371        1094         829         590         516         369
21/08/2020 20:00         291         187          65          20           0           0
21/08/2020 21:00           0           0           0           0           0           0
21/08/2020 22:00           0           0           0           0           0           0
21/08/2020 23:00           0           0           0           0           0           0
22/08/2020 00:00           0           0           0           0           0           0
22/08/2020 01:00           0           0           0           0           0           0
22/08/2020 02:00           0           0           0           0           0           0
22/08/2020 03:00           0           0           0           0           0           0
22/08/2020 04:00           0           0           0           0           0           0
22/08/2020 05:00           0           0           0           0           0           0
22/08/2020 06:00           0           0           0           0           0           0
22/08/2020 07:00           0           0          29         125         389         764
22/08/2020 08:00         688         730        1380        1849        1572        1710
22/08/2020 09:00        2657        2631        3091        3157        3536        2239
22/08/2020 10:00        1649        1336        2392        2667        1665        3200
22/08/2020 11:00        5011        2495        3206        2570        2090        3131
22/08/2020 12:00        3378        3098        2096        4031        3579        4347
22/08/2020 13:00        2431        1562        4741        2895        2492        2643
22/08/2020 14:00        2749        4234        4097        3337        4705        4658
22/08/2020 15:00        4857        2745        4603        4200        3624        4352
22/08/2020 16:00        3856        3422        2073        2183        4458        1914
22/08/2020 17:00        4069        2150        2166        1544        1099         257
22/08/2020 18:00          58           0          88        1114        1030         851
22/08/2020 19:00         913         836         616         637         396         272
22/08/2020 20:00         110          22           0           0           0           0
22/08/2020 21:00           0           0           0           0           0           0
22/08/2020 22:00           0           0           0           0           0           0
22/08/2020 23:00           0           0           0           0           0           0
23/08/2020 00:00           0           0           0           0           0           0
23/08/2020 01:00           0           0           0           0           0           0
23/08/2020 02:00           0           0           0           0           0           0
23/08/2020 03:00           0           0           0           0           0           0
23/08/2020 04:00           0           0           0           0           0           0
23/08/2020 05:00           0           0           0           0           0           0
23/08/2020 06:00           0           0           0           0           0           0
23/08/2020 07:00           0           0          37         156         338         535
23/08/2020 08:00         774         975        1262        1544        1831        2119
23/08/2020 09:00        2331        2612        2149        1792        1777        2145
23/08/2020 10:00        2847        2404        2331        2703        2492        2938
23/08/2020 11:00        2523        3548        4553        4453        4821        4418
23/08/2020 12:00        3856        4727        2840        2934        3565        2098
23/08/2020 13:00        3637        1978        3641        2930        2006        2351
23/08/2020 14:00        3842        3495        2722        1259         943        1296
23/08/2020 15:00        1591        1127         502        1362        2341        1757
23/08/2020 16:00        2052        2314        2946        2924        3242        3133
23/08/2020 17:00        2591        3559        2938        2482        1627        1189
23/08/2020 18:00        2136        1745        2000        1007         820         616
23/08/2020 19:00         585         473         442         384         181         248
23/08/2020 20:00         295         188         180          40           0           0
23/08/2020 21:00           0           0           0           0           0           0
23/08/2020 22:00           0           0           0           0           0           0
23/08/2020 23:00           0           0           0           0           0           0
24/08/2020 00:00           0           0           0           0           0           0
24/08/2020 01:00           0           0           0           0           0           0
24/08/2020 02:00           0           0           0           0           0           0
24/08/2020 03:00           0           0           0           0           0           0
24/08/2020 04:00           0           0           0           0           0           0
24/08/2020 05:00           0           0           0           0           0           0
24/08/2020 06:00           0           0           0           0           0           0
24/08/2020 07:00           0           0           8          81         481         809
24/08/2020 08:00        1096         995        1068        1103        1785        1475
24/08/2020 09:00        2524        3027        2837        1337        2262        2706
24/08/2020 10:00        2551        3659        3759        3313        2862        2054
24/08/2020 11:00        2248        2175        2248        2687        3179        3301
24/08/2020 12:00        4047        3029        3820        3735        4754        4569
24/08/2020 13:00        4858        3725        4320        2784        3571        2867
24/08/2020 14:00        1921        3828        2827        3260        2794        4466
24/08/2020 15:00        4046        2275        3060        3299        3233        2408
24/08/2020 16:00        3471        3914        2512        2531        2241        2123
24/08/2020 17:00        1451        1347        1126         790        1187        1088
24/08/2020 18:00         833         767         815         640         612         639
24/08/2020 19:00         436         425         342         411         429         348
24/08/2020 20:00         181          44           0           0           0           0
24/08/2020 21:00           0           0           0           0           0           0
24/08/2020 22:00           0           0           0           0           0           0
24/08/2020 23:00           0           0           0           0           0           0
25/08/2020 00:00           0           0           0           0           0           0
25/08/2020 01:00           0           0           0           0           0           0
25/08/2020 02:00           0           0           0           0           0           0
25/08/2020 03:00           0           0           0           0           0           0
25/08/2020 04:00           0           0           0           0           0           0
25/08/2020 05:00           0           0           0           0           0           0
25/08/2020 06:00           0           0           0           0           0           0
25/08/2020 07:00           0           0           0           0           0           0
25/08/2020 08:00           0           0           0          31         331         561
25/08/2020 09:00         574         392         709         840        1146         711
25/08/2020 10:00         785        1107        1227        1903        2042        1800
25/08/2020 11:00        3070        2020        2940        2687        2314        2584
25/08/2020 12:00        2770        2138        1677        1379        2207        3569
25/08/2020 13:00        4630        3417        4218        4603        4927        4538
25/08/2020 14:00        4134        3979        4827        4394        4313        4545
25/08/2020 15:00        3164        4004        2805        2354        3193        3154
25/08/2020 16:00        3263        2317        2716        2976        2314        1691
25/08/2020 17:00        1215        1341        1778        2115        1941        1536
25/08/2020 18:00        1240        2266        1900        1905        1656         668
25/08/2020 19:00        1015         658         811         675         359         157
25/08/2020 20:00          75           1           0           0           0           0
25/08/2020 21:00           0           0           0           0           0           0
25/08/2020 22:00           0           0           0           0           0           0
25/08/2020 23:00           0           0           0           0           0           0
26/08/2020 00:00           0           0           0           0           0           0
26/08/2020 01:00           0           0           0           0           0           0
26/08/2020 02:00           0           0           0           0           0           0
26/08/2020 03:00           0           0           0           0           0           0
26/08/2020 04:00           0           0           0           0           0           0
26/08/2020 05:00           0           0           0           0           0           0
26/08/2020 06:00           0           0           0           0           0           0
26/08/2020 07:00           0           0          72          79          81         289
26/08/2020 08:00         672         743        1174         680         935        1098
26/08/2020 09:00        1168        1108        1459        1899        1407        2703
26/08/2020 10:00        3548        3434        3569        3424        3331        4349
26/08/2020 11:00        4074        3213        4528        2968        3542        2977
26/08/2020 12:00        4656        4131        4254        4541        4235        5208
26/08/2020 13:00        3836        4505        5056        4618        4746        4918
26/08/2020 14:00        5005        4420        5061        4869        4716        4488
26/08/2020 15:00        4235        4828        4581        4532        4605        4657
26/08/2020 16:00        4629        4545        4436        4402        4234        3899
26/08/2020 17:00        4077        3937        3429        3124        2814        2556
26/08/2020 18:00        2245        1835        1879        1751        1400        1436
26/08/2020 19:00         929        1011         834         564         422         295
26/08/2020 20:00         216         104          25           0           0           0
26/08/2020 21:00           0           0           0           0           0           0
26/08/2020 22:00           0           0           0           0           0           0
26/08/2020 23:00           0           0           0           0           0           0
27/08/2020 00:00           0           0           0           0           0           0
27/08/2020 01:00           0           0           0           0           0           0
27/08/2020 02:00           0           0           0           0           0           0
27/08/2020 03:00           0           0           0           0           0           0
27/08/2020 04:00           0           0           0           0           0           0
27/08/2020 05:00           0           0           0           0           0           0
27/08/2020 06:00           0           0           0           0           0           0
27/08/2020 07:00           0           0           0           0          41          61
27/08/2020 08:00          50          86         109         280         390         691
27/08/2020 09:00         924         857         552        1104        1399        1324
27/08/2020 10:00        1294        1397        1775        2424        2983        3835
27/08/2020 11:00        4223        4276        4147        3634        3212        3982
27/08/2020 12:00        3767        4321        4424        3743        4075        3314
27/08/2020 13:00        4800        4176        3712        4062        2505        4013
27/08/2020 14:00        3917        4797        4158        4452        4273        4658
27/08/2020 15:00        4413        4583        4533        4480        4460        4405
27/08/2020 16:00        4323        4423        2981        2212        3711        4139
27/08/2020 17:00        2638        1825        1964        1782        1000        1546
27/08/2020 18:00         869         797         549         549         480         292
27/08/2020 19:00          94          46          49          10           0           0
27/08/2020 20:00           0           0           0           0           0           0
27/08/2020 21:00           0           0           0           0           0           0
27/08/2020 22:00           0           1           0           0           0           0
27/08/2020 23:00           0           0           0           0           0           0
28/08/2020 00:00           1           0           0           0           0           0
28/08/2020 01:00           0           0           0           0           0           0
28/08/2020 02:00           0           0           0           0           0           0
28/08/2020 03:00           0           0           0           0           0           0
28/08/2020 04:00           0           0           0           0           0           0
28/08/2020 05:00           0           0           0           0           0           0
28/08/2020 06:00           0           0           0           0           0           0
28/08/2020 07:00           0           0           0           0          68         271
28/08/2020 08:00         309         390         424         482         514         583
28/08/2020 09:00         696         920        1095        1249        1212        1139
28/08/2020 10:00         661        1120        1451        1511         776         857
28/08/2020 11:00        1358         967         971        1255        1604        2288
28/08/2020 12:00        2051        2898        1919        2166        1864        3030
28/08/2020 13:00        1855        1581        1838        2619        3880        3443
28/08/2020 14:00        3744        3689        2554         860        3346        5439
28/08/2020 15:00        5056        5069        4562        4785        5015        4647
28/08/2020 16:00        2160         802         798        3502        4192        2444
28/08/2020 17:00        4692        2227        2553        1701        2330        2660
28/08/2020 18:00        2541         916         509         645         307           5
28/08/2020 19:00          16         725         670         506         271         226
28/08/2020 20:00          94           0           0           0           0           0
28/08/2020 21:00           0           0           0           0           0           0
28/08/2020 22:00           0           0           0           0           0           0
28/08/2020 23:00           0           0           0           0           0           0
29/08/2020 00:00           0           0           0           0           0           0
29/08/2020 01:00           0           0           0           0           0           0
29/08/2020 02:00           0           0           0           0           0           0
29/08/2020 03:00           0           0           0           0           0           0
29/08/2020 04:00           0           0           0           0           0           0
29/08/2020 05:00           0           0           0           0           0           0
29/08/2020 06:00           0           0           0           0           0           0
29/08/2020 07:00           0           0          13          29          70         478
29/08/2020 08:00         826         838        1351         940        1079        1338
29/08/2020 09:00        1717        1070        2447        1607        1406        1513
29/08/2020 10:00        1502        1709        2342        2812        2412        2019
29/08/2020 11:00        4489        3351        1242        2858        2833        4342
29/08/2020 12:00        4631        2233        1343        1175        1139         756
29/08/2020 13:00        1156        1658        3429        2680        1680        2117
29/08/2020 14:00        4570        2019         748        3731        5155        3899
29/08/2020 15:00        4213        1844        2718        3543        1630        2047
29/08/2020 16:00        3371        3473         970        1408        1117         677
29/08/2020 17:00        1251        1625        1139         916         603         986
29/08/2020 18:00         756        1176         900        1005         670         749
29/08/2020 19:00         194         349         273          48           0           0
29/08/2020 20:00           0           0           0           0           0           0
29/08/2020 21:00           0           0           0           0           0           0
29/08/2020 22:00           0           0           0           0           0           0
29/08/2020 23:00           0           0           0           0           0           0
30/08/2020 00:00           0           0           0           0           0           0
30/08/2020 01:00           0           0           0           0           0           0
30/08/2020 02:00           0           0           0           0           0           0
30/08/2020 03:00           0           0           0           0           0           0
30/08/2020 04:00           0           0           0           0           0           0
30/08/2020 05:00           0           0           0           0           0           0
30/08/2020 06:00           0           0           0           0           0           0
30/08/2020 07:00           0          10         364         199           0           2
30/08/2020 08:00          57          94         417         455         401         312
30/08/2020 09:00         384         545         464         662         536         487
30/08/2020 10:00         723        1185        1089         724         883        1562
30/08/2020 11:00        2057        1267         639         326        1777        2606
30/08/2020 12:00        1533        2205        4887        5047        3142        3589
30/08/2020 13:00        4993        3490        4659        4075        5245        5030
30/08/2020 14:00        4579        3915        5041        4801        4423        5025
30/08/2020 15:00        4715        4533        4256        4849        4232        3091
30/08/2020 16:00        3095        4813        2036        1943        3322        4160
30/08/2020 17:00        4692        4099        2564        1422        3859        1555
30/08/2020 18:00         796         336         597        1680        1239         590
30/08/2020 19:00         159          12           0           0           0           0
30/08/2020 20:00           0           0           0           0           0           0
30/08/2020 21:00           0           0           0           0           0           0
30/08/2020 22:00           0           0           0           0           0           0
30/08/2020 23:00           0           0           0           0           0           0
31/08/2020 00:00           0           0           0           0           0           0
31/08/2020 01:00           0           0           0           0           0           0
31/08/2020 02:00           0           0           0           0           0           0
31/08/2020 03:00           0           0           0           0           0           0
31/08/2020 04:00           0           0           0           0           0           0
31/08/2020 05:00           0           0           0           0           0           0
31/08/2020 06:00           0           0           0           0           0           0
31/08/2020 07:00           0           0         117         268         407         583
31/08/2020 08:00         817        1084        1377        1591        1889        2155
31/08/2020 09:00        2559        2185        2562        2658        3180        3841
31/08/2020 10:00        3861        3702        4350        4097        3231        3398
31/08/2020 11:00        4378        5108        3892        2815        1560        2508
31/08/2020 12:00        3624        2162        2245        3265        1317        1872
31/08/2020 13:00        3039        4276        3594        5116        5084        4781
31/08/2020 14:00        2602        2559        4585        3516        4358        5349
31/08/2020 15:00        4668        1658        1827        2371        2630        1795
31/08/2020 16:00        3189        4301        4898        4686        4129        2706
31/08/2020 17:00        1086        2939        1148         699         830        1023
31/08/2020 18:00        1010         845         760         666         555         431
31/08/2020 19:00         385         311         286         245         193          69
31/08/2020 20:00           0           0           0           0           0           0
31/08/2020 21:00           0           0           0           0           0           0
31/08/2020 22:00           0           0           0           0           0           0
31/08/2020 23:00           0           0           0           0           0           0
01/09/2020 00:00           0           0           0           0           0           0
01/09/2020 01:00           0           0           0           0           0           0
