01/11/2020 02:00           0           0           0           0           0           0
01/11/2020 03:00           0           0           0           0           0           0
01/11/2020 04:00           0           0           0           0           0           0
01/11/2020 05:00           0           0           0           0           0           0
01/11/2020 06:00           0           0           0           0           0           0
01/11/2020 07:00           0           0           0           0           0           0
01/11/2020 08:00           0           0           0           0           0           0
01/11/2020 09:00          43          77         168         336         311         293
01/11/2020 10:00         319         221         449         420         175         299
01/11/2020 11:00         230         192          86          13          98         252
01/11/2020 12:00         389         313         325         350         263         273
01/11/2020 13:00         348         410         327         368         362         458
01/11/2020 14:00         435         522         553         316         169         157
01/11/2020 15:00         158         116         150         244         209         185
01/11/2020 16:00         141          37          51          27           0           0
01/11/2020 17:00           0           0           0           0           0           0
01/11/2020 18:00           0           0           0           0           0           0
01/11/2020 19:00           0           0           0           0           0           0
01/11/2020 20:00           0           0           0           0           0           0
01/11/2020 21:00           0           0           0           0           0           0
01/11/2020 22:00           0           0           0           0           0           0
01/11/2020 23:00           0           0           0           0           0           0
02/11/2020 00:00           0           0           0           0           0           0
02/11/2020 01:00           0           0           0           0           0           0
02/11/2020 02:00           0           0           0           0           0           0
02/11/2020 03:00           0           0           0           0           0           0
02/11/2020 04:00           0           0           0           0           0           0
02/11/2020 05:00           0           0           0           0           0           0
02/11/2020 06:00           0           0           0           0           0           0
02/11/2020 07:00           0           0           0           0           0           0
02/11/2020 08:00           0          27         194         222         374         633
02/11/2020 09:00        1426        1468         982        1112        1039         775
02/11/2020 10:00         812         992        1406        1298         896         903
02/11/2020 11:00        1228         912        1237         681         537         609
02/11/2020 12:00         884         963        1021         720         706         470
02/11/2020 13:00         707         750         462         419         525         502
02/11/2020 14:00         376         334         301         272         378         342
02/11/2020 15:00         383         368         307         251         230         244
02/11/2020 16:00         166         105           0           0           0           0
02/11/2020 17:00           0           0           0           0           0           0
02/11/2020 18:00           0           0           0           0           0           0
02/11/2020 19:00           0           0           0           0           0           0
02/11/2020 20:00           0           0           0           0           0           0
02/11/2020 21:00           0           0           0           0           0           0
02/11/2020 22:00           0           0           0           0           0           0
02/11/2020 23:00           0           0           0           0           0           0
03/11/2020 00:00           0           0           0           0           0           0
03/11/2020 01:00           0           0           0           0           0           0
03/11/2020 02:00           0           0           0           0           0           0
03/11/2020 03:00           0           0           0           0           0           0
03/11/2020 04:00           0           0           0           0           0           0
03/11/2020 05:00           0           0           0           0           0           0
03/11/2020 06:00           0           0           0           0           0           0
03/11/2020 07:00           0           0           0           0           0          12
03/11/2020 08:00           0         153         198         164         227         361
03/11/2020 09:00         304         329         542        1663        2309        1976
03/11/2020 10:00        1160         623         620         668         733         806
03/11/2020 11:00         954        1763        2250        1349        1106        1026
03/11/2020 12:00         860        1213        1530        3052        3416        5237
03/11/2020 13:00        4665        2834        2355        5110        3088         725
03/11/2020 14:00         696        1192        1294         612        1400        2749
03/11/2020 15:00        2716        2459        2392        1548        1290        1014
03/11/2020 16:00         644         559         222         221         409         226
03/11/2020 17:00          13           0           0           0           0           0
03/11/2020 18:00           0           0           0           0           0           0
03/11/2020 19:00           0           0           0           0           0           0
03/11/2020 20:00           0           0           0           0           0           0
03/11/2020 21:00           0           0           0           0           0           0
03/11/2020 22:00           0           0           0           0           0           0
03/11/2020 23:00           0           0           0           0           0           0
04/11/2020 00:00           0           0           0           0           0           0
04/11/2020 01:00           0           0           0           0           0           0
04/11/2020 02:00           0           0           0           0           0           0
04/11/2020 03:00           0           0           0           0           0           0
04/11/2020 04:00           0           0           0           0           0           0
04/11/2020 05:00           0           0           0           0           0           0
04/11/2020 06:00           0           0           0           0           0           0
04/11/2020 07:00           0           0           0           0           0           9
04/11/2020 08:00         146         295         465         666         902        1149
04/11/2020 09:00        1418        1706        2008        2299        2590        2857
04/11/2020 10:00        3110        3347        3557        3748        3925        4083
04/11/2020 11:00        4219        4315        4422        4493        4562        4590
04/11/2020 12:00        4626        4763        3239        3153        1662        4236
04/11/2020 13:00        3974        3255        4337        4272        4040        2973
04/11/2020 14:00        3751        2390        2816        2791        2755        2604
04/11/2020 15:00        2263        2213        1493        1612        1264         978
04/11/2020 16:00         719         503         342         218         164         124
04/11/2020 17:00          36           4           0           0           0           0
04/11/2020 18:00           0           0           0           0           0           0
04/11/2020 19:00           0           0           0           0           0           0
04/11/2020 20:00           0           0           0           0           0           0
04/11/2020 21:00           0           0           0           0           0           0
04/11/2020 22:00           0           0           0           0           0           0
04/11/2020 23:00           0           0           0           0           0           0
05/11/2020 00:00           0           0           0           0           0           0
05/11/2020 01:00           0           0           0           0           0           0
05/11/2020 02:00           0           0           0           0           0           0
05/11/2020 03:00           0           0           0           0           0           0
05/11/2020 04:00           0           0           0           0           0           0
05/11/2020 05:00           0           0           0           0           0           0
05/11/2020 06:00           0           0           0           0           0           0
05/11/2020 07:00           0           0           0           0           0          55
05/11/2020 08:00         172         305         480         664         870        1095
05/11/2020 09:00        1324        1597        1886        2163        2440        2731
05/11/2020 10:00        2973        3257        3495        3708        3893        4085
05/11/2020 11:00        4253        4381        4470        4564        4627        4651
05/11/2020 12:00        4681        4677        4572        4595        4569        4558
05/11/2020 13:00        4464        4369        4273        4150        4006        3841
05/11/2020 14:00        3674        3490        3287        3054        2795        2563
05/11/2020 15:00        2298        2008        1731        1456        1187         938
05/11/2020 16:00         697         511         342         238         186         137
05/11/2020 17:00          21           0           0           0           0           0
05/11/2020 18:00           0           0           0           0           0           0
05/11/2020 19:00           0           0           0           0           0           0
05/11/2020 20:00           0           0           0           0           0           0
05/11/2020 21:00           0           0           0           0           0           0
05/11/2020 22:00           0           0           0           0           0           0
05/11/2020 23:00           0           0           0           0           0           0
06/11/2020 00:00           0           0           0           0           0           0
06/11/2020 01:00           0           0           0           0           0           0
06/11/2020 02:00           0           0           0           0           0           0
06/11/2020 03:00           0           0           0           0           0           0
06/11/2020 04:00           0           0           0           0           0           0
06/11/2020 05:00           0           0           0           0           0           0
06/11/2020 06:00           0           0           0           0           0           0
06/11/2020 07:00           0           0           0           0           0          19
06/11/2020 08:00         130         251         411         582         782        1021
06/11/2020 09:00        1275        1552        1849        2132        2432        2718
06/11/2020 10:00        2992        3246        3480        3677        3856        4004
06/11/2020 11:00        4142        4365        3974        4507        3786        2326
06/11/2020 12:00        1780        1627        1524        1265        1127        1001
06/11/2020 13:00        1161        1264        1278        1184        1105        1130
06/11/2020 14:00        1228        1055        1108        1151        1082         922
06/11/2020 15:00         725         670         695         928        1464        1461
06/11/2020 16:00        1252         923         616         430         322         176
06/11/2020 17:00          22           0           0           0           0           0
06/11/2020 18:00           0           0           0           0           0           0
06/11/2020 19:00           0           0           0           0           0           0
06/11/2020 20:00           0           0           0           0           0           0
06/11/2020 21:00           0           0           0           0           0           0
06/11/2020 22:00           0           0           0           0           0           0
06/11/2020 23:00           0           0           0           0           0           0
07/11/2020 00:00           0           0           0           0           0           0
07/11/2020 01:00           0           0           0           0           0           0
07/11/2020 02:00           0           0           0           0           0           0
07/11/2020 03:00           0           0           0           0           0           0
07/11/2020 04:00           0           0           0           0           0           0
07/11/2020 05:00           0           0           0           0           0           0
07/11/2020 06:00           0           0           0           0           0           0
07/11/2020 07:00           0           0           0           0           0           0
07/11/2020 08:00           0          46         119         254         300         592
07/11/2020 09:00         933        1049         906        1905        1322        1073
07/11/2020 10:00        1549        2865        2991        3132        3248        3250
07/11/2020 11:00        3151        3722        3913        3884        4025        4068
07/11/2020 12:00        3354        2600        3471        3865        4216        4048
07/11/2020 13:00        3822        3498        2921        2192        1547        1291
07/11/2020 14:00        1248        1407        1879        2294        2445        1951
07/11/2020 15:00        1793        1592        1320        1015         843         721
07/11/2020 16:00         640         573         453         314         205          76
07/11/2020 17:00           5           0           0           0           0           0
07/11/2020 18:00           0           0           0           0           0           0
07/11/2020 19:00           0           0           0           0           0           0
07/11/2020 20:00           0           0           0           0           0           0
07/11/2020 21:00           0           0           0           0           0           0
07/11/2020 22:00           0           0           0           0           0           0
07/11/2020 23:00           0           0           0           0           0           0
08/11/2020 00:00           0           0           0           0           0           0
08/11/2020 01:00           0           0           0           0           0           0
08/11/2020 02:00           0           0           0           0           0           0
08/11/2020 03:00           0           0           0           0           0           0
08/11/2020 04:00           0           0           0           0           0           0
08/11/2020 05:00           0           0           0           0           0           0
08/11/2020 06:00           0           0           0           0           0           0
08/11/2020 07:00           0           0           0           0           0           0
08/11/2020 08:00           0          16         191         289         472         668
08/11/2020 09:00         645         575         482         412         372         454
08/11/2020 10:00         481         677         719         681         828        1182
08/11/2020 11:00        1155        1356        1237        1124         855        1090
08/11/2020 12:00        1489        2202        3084        3268        2861        2108
08/11/2020 13:00        1688        1177        1212         791         773        1020
08/11/2020 14:00        1070        1294        1833        1414        1165        1014
08/11/2020 15:00         833         789         612         475         635         690
08/11/2020 16:00         537         388         337         169          49           0
08/11/2020 17:00           0           0           0           0           0           0
08/11/2020 18:00           0           0           0           0           0           0
08/11/2020 19:00           0           0           0           0           0           0
08/11/2020 20:00           0           0           0           0           0           0
08/11/2020 21:00           0           0           0           0           0           0
08/11/2020 22:00           0           0           0           0           0           0
08/11/2020 23:00           0           0           0           0           0           0
09/11/2020 00:00           0           0           0           0           0           0
09/11/2020 01:00           0           0           0           0           0           0
09/11/2020 02:00           0           0           0           0           0           0
09/11/2020 03:00           0           0           0           0           0           0
09/11/2020 04:00           0           0           0           0           0           0
09/11/2020 05:00           0           0           0           0           0           0
09/11/2020 06:00           0           0           0           0           0           0
09/11/2020 07:00           0           0           0           0           0           0
09/11/2020 08:00           4         113         297         497         657         838
09/11/2020 09:00        1042        1281        1535        1807        2057        2323
09/11/2020 10:00        2576        2825        3054        3247        3431        3599
09/11/2020 11:00        3735        3857        3947        4029        4091        4145
09/11/2020 12:00        4181        4164        4097        4150        4069        3876
09/11/2020 13:00        3976        3875        3751        3577        3491        2980
09/11/2020 14:00        3221        3044        2622        2272        1782        1690
09/11/2020 15:00        1423        1570        1267         868         627         715
09/11/2020 16:00         514         487         360         225         164         121
09/11/2020 17:00          12           0           0           0           0           0
09/11/2020 18:00           0           0           0           0           0           0
09/11/2020 19:00           0           0           0           0           0           0
09/11/2020 20:00           0           0           0           0           0           0
09/11/2020 21:00           0           0           0           0           0           0
09/11/2020 22:00           0           0           0           0           0           0
09/11/2020 23:00           0           0           0           0           0           0
10/11/2020 00:00           0           0           0           0           0           0
10/11/2020 01:00           0           0           0           0           0           0
10/11/2020 02:00           0           0           0           0           0           0
10/11/2020 03:00           0           0           0           0           0           0
10/11/2020 04:00           0           0           0           0           0           0
10/11/2020 05:00           0           0           0           0           0           0
10/11/2020 06:00           0           0           0           0           0           0
10/11/2020 07:00           0           0           0           0           0           0
10/11/2020 08:00           0           0           0           0           0           0
10/11/2020 09:00          20          80          22          68          86         199
10/11/2020 10:00         303         364         347         796         779         627
10/11/2020 11:00        1527        1789        1082         672         953         935
10/11/2020 12:00         592         748        1000         666         584         484
10/11/2020 13:00         651         660         671         668         463         506
10/11/2020 14:00         513         660         543         382         677         708
10/11/2020 15:00         491         440         449         386         353         307
10/11/2020 16:00         303         184           4           0           0           0
10/11/2020 17:00           0           0           0           0           0           0
10/11/2020 18:00           0           0           0           0           0           0
10/11/2020 19:00           0           0           0           0           0           0
10/11/2020 20:00           0           0           0           0           0           0
10/11/2020 21:00           0           0           0           0           0           0
10/11/2020 22:00           0           0           0           0           0           0
10/11/2020 23:00           0           0           0           0           0           0
11/11/2020 00:00           0           0           0           0           0           0
11/11/2020 01:00           0           0           0           0           0           0
11/11/2020 02:00           0           0           0           0           0           0
11/11/2020 03:00           0           0           0           0           0           0
11/11/2020 04:00           0           0           0           0           0           0
11/11/2020 05:00           0           0           0           0           0           0
11/11/2020 06:00           0           0           0           0           0           0
11/11/2020 07:00           0           0           0           0           0           0
11/11/2020 08:00           0           0           0           0         181         261
11/11/2020 09:00         271         357         469         492         356         448
11/11/2020 10:00         533         561         577         535         598         834
11/11/2020 11:00         798         568         732         851         700         711
11/11/2020 12:00         725        1009        1456        2713        1801        1230
11/11/2020 13:00        1342        1357        1460        1586         966         502
11/11/2020 14:00         508         613         645         399         351         176
11/11/2020 15:00         201         253         298          59           0           0
11/11/2020 16:00           0           0           0           0           0           0
11/11/2020 17:00           0           0           0           0           0           0
11/11/2020 18:00           0           0           0           0           0           0
11/11/2020 19:00           0           0           0           0           0           0
11/11/2020 20:00           0           0           0           0           0           0
11/11/2020 21:00           0           0           0           0           0           0
11/11/2020 22:00           0           0           0           0           0           0
11/11/2020 23:00           0           0           0           0           0           0
12/11/2020 00:00           0           0           0           0           0           0
12/11/2020 01:00           0           0           0           0           0           0
12/11/2020 02:00           0           0           0           0           0           0
12/11/2020 03:00           0           0           0           0           0           0
12/11/2020 04:00           0           0           0           0           0           0
12/11/2020 05:00           0           0           0           0           0           0
12/11/2020 06:00           0           0           0           0           0           0
12/11/2020 07:00           0           0           0           0           0           0
12/11/2020 08:00           0          72         150         292         490         707
12/11/2020 09:00         852        1098        1374        1627        1897        2147
12/11/2020 10:00        2380        2651        2859        3116        3333        3483
12/11/2020 11:00        3623        3798        3807        2605        2263        2002
12/11/2020 12:00        2019        3949        1995        2896        2908        3196
12/11/2020 13:00        1909        3995        2910        3045        1072        3611
12/11/2020 14:00        3086        2568        2400        2357        2242        1824
12/11/2020 15:00        1729        1504        1213        1244         949         741
12/11/2020 16:00         459         374         257         191          96           0
12/11/2020 17:00           0           0           0           0           0           0
12/11/2020 18:00           0           0           0           0           0           0
12/11/2020 19:00           0           0           0           0           0           0
12/11/2020 20:00           0           0           0           0           0           0
12/11/2020 21:00           0           0           0           0           0           0
12/11/2020 22:00           0           0           0           0           0           0
12/11/2020 23:00           0           0           0           0           0           0
13/11/2020 00:00           0           0           0           0           0           0
13/11/2020 01:00           0           0           0           0           0           0
13/11/2020 02:00           0           0           0           0           0           0
13/11/2020 03:00           0           0           0           0           0           0
13/11/2020 04:00           0           0           0           0           0           0
13/11/2020 05:00           0           0           0           0           0           0
13/11/2020 06:00           0           0           0           0           0           0
13/11/2020 07:00           0           0           0           0           0           0
13/11/2020 08:00           0           0           9         128         262         388
13/11/2020 09:00         328         434         515         764         918         612
13/11/2020 10:00         439         340         502         492         451         676
13/11/2020 11:00        1255        1088        1018         929         840         847
13/11/2020 12:00         783        1024        1138        1435        1020        1587
13/11/2020 13:00        1261         924         920         982         730         676
13/11/2020 14:00         738         996        1028         896         891         587
13/11/2020 15:00         779         993         844         571         411         407
13/11/2020 16:00         336         217         191          41           0           0
13/11/2020 17:00           0           0           0           0           0           0
13/11/2020 18:00           0           0           0           0           0           0
13/11/2020 19:00           0           0           0           0           0           0
13/11/2020 20:00           0           0           0           0           0           0
13/11/2020 21:00           0           0           0           0           0           0
13/11/2020 22:00           0           0           0           0           0           0
13/11/2020 23:00           0           0           0           0           0           0
14/11/2020 00:00           0           0           0           0           0           0
14/11/2020 01:00           0           0           0           0           0           0
14/11/2020 02:00           0           0           0           0           0           0
14/11/2020 03:00           0           0           0           0           0           0
14/11/2020 04:00           0           0           0           0           0           0
14/11/2020 05:00           0           0           0           0           0           0
14/11/2020 06:00           0           0           0           0           0           0
14/11/2020 07:00           0           0           0           0           0           0
14/11/2020 08:00           0           0           0           0           0          69
14/11/2020 09:00         175         236         442         458         487         500
14/11/2020 10:00         486         686         876        1293        1673        2995
14/11/2020 11:00        3389        3591        3709        3679        3742        3871
14/11/2020 12:00        3984        4088        4104        4203        3955        3180
14/11/2020 13:00        2582        3840        3135        2281        1945        1815
14/11/2020 14:00        3416        1167        1304        1088        1313         800
14/11/2020 15:00        1560         885         619         617        1228         658
14/11/2020 16:00         337         200         159          58           0           0
14/11/2020 17:00           0           0           0           0           0           0
14/11/2020 18:00           0           0           0           0           0           0
14/11/2020 19:00           0           0           0           0           0           0
14/11/2020 20:00           0           0           0           0           0           0
14/11/2020 21:00           0           0           0           0           0           0
14/11/2020 22:00           0           0           0           0           0           0
14/11/2020 23:00           0           0           0           0           0           0
15/11/2020 00:00           0           0           0           0           0           0
15/11/2020 01:00           0           0           0           0           0           0
15/11/2020 02:00           0           0           0           0           0           0
15/11/2020 03:00           0           0           0           0           0           0
15/11/2020 04:00           0           0           0           0           0           0
15/11/2020 05:00           0           0           0           0           0           0
15/11/2020 06:00           0           0           0           0           0           0
15/11/2020 07:00           0           0           0           0           0           0
15/11/2020 08:00           0           0          95         299         379         398
15/11/2020 09:00         516         519         639         462         434         450
15/11/2020 10:00         368         331         379         401         474         432
15/11/2020 11:00         344         346         440         377         549         304
15/11/2020 12:00         351         300         265         243         207         257
15/11/2020 13:00         224         346         400         335         224         177
15/11/2020 14:00          88          33          36          91         372         698
15/11/2020 15:00         782         407         463         285         132         175
15/11/2020 16:00         246         181          25           0           0           0
15/11/2020 17:00           0           0           0           0           0           0
15/11/2020 18:00           0           0           0           0           0           0
15/11/2020 19:00           0           0           0           0           0           0
15/11/2020 20:00           0           0           0           0           0           0
15/11/2020 21:00           0           0           0           0           0           0
15/11/2020 22:00           0           0           0           0           0           0
15/11/2020 23:00           0           0           0           0           0           0
16/11/2020 00:00           0           0           0           0           0           0
16/11/2020 01:00           0           0           0           0           0           0
16/11/2020 02:00           0           0           0           0           0           0
16/11/2020 03:00           0           0           0           0           0           0
16/11/2020 04:00           0           0           0           0           0           0
16/11/2020 05:00           0           0           0           0           0           0
16/11/2020 06:00           0           0           0           0           0           0
16/11/2020 07:00           0           0           0           0           0           0
16/11/2020 08:00           0           0           0         117         317         503
16/11/2020 09:00         305         327         384         346         505         740
16/11/2020 10:00        1158         960         597        1133        1337        1009
16/11/2020 11:00         566         813        1158        1131        1293        1057
16/11/2020 12:00         992         764         816        1079        1283        1201
16/11/2020 13:00        1072        1273        1779        1698        1468        1092
16/11/2020 14:00         996        1213         968         921         731         370
16/11/2020 15:00         426         299         565         566         274         272
16/11/2020 16:00         227         304         130           0           0           0
16/11/2020 17:00           0           0           0           0           0           0
16/11/2020 18:00           0           0           0           0           0           0
16/11/2020 19:00           0           0           0           0           0           0
16/11/2020 20:00           0           0           0           0           0           0
16/11/2020 21:00           0           0           0           0           0           0
16/11/2020 22:00           0           0           0           0           0           0
16/11/2020 23:00           0           0           0           0           0           0
17/11/2020 00:00           0           0           0           0           0           0
17/11/2020 01:00           0           0           0           0           0           0
17/11/2020 02:00           0           0           0           0           0           0
17/11/2020 03:00           0           0           0           0           0           0
17/11/2020 04:00           0           0           0           0           0           0
17/11/2020 05:00           0           0           0           0           0           0
17/11/2020 06:00           0           0           0           0           0           0
17/11/2020 07:00           0           0           0           0           0           0
17/11/2020 08:00           0           0          46         146         279         418
17/11/2020 09:00         507         573         633         530         588         842
17/11/2020 10:00         997         865         843         840         888        1197
17/11/2020 11:00        1174        1129        1123        1390        1959        1955
17/11/2020 12:00        2067        1638        1406        1456        1194        1062
17/11/2020 13:00        1054        1220        1339        1417        1610        1652
17/11/2020 14:00        1884        1349         914         723         708         586
17/11/2020 15:00         515         492         437         331         217         213
17/11/2020 16:00         290         290         213          82           0           0
17/11/2020 17:00           0           0           0           0           0           0
17/11/2020 18:00           0           0           0           0           0           0
17/11/2020 19:00           0           0           0           0           0           0
17/11/2020 20:00           0           0           0           0           0           0
17/11/2020 21:00           0           0           0           0           0           0
17/11/2020 22:00           0           0           0           0           0           0
17/11/2020 23:00           0           0           0           0           0           0
18/11/2020 00:00           0           0           0           0           0           0
18/11/2020 01:00           0           0           0           0           0           0
18/11/2020 02:00           0           0           0           0           0           0
18/11/2020 03:00           0           0           0           0           0           0
18/11/2020 04:00           0           0           0           0           0           0
18/11/2020 05:00           0           0           0           0           0           0
18/11/2020 06:00           0           0           0           0           0           0
18/11/2020 07:00           0           0           0           0           0           0
18/11/2020 08:00           0           0          40         208         369         547
18/11/2020 09:00         719         912        1117        1318        1549        1789
18/11/2020 10:00        2036        2239        2503        2667        2854        3050
18/11/2020 11:00        3228        3341        3469        3572        3657        3718
18/11/2020 12:00        3753        3775        3817        3793        3742        3628
18/11/2020 13:00        3592        3458        3364        3228        3069        2894
18/11/2020 14:00        2594        2517        2286        2102        1882        1657
18/11/2020 15:00        1413        1188         837         784         611         448
18/11/2020 16:00         288         161          23           0           0           0
18/11/2020 17:00           0           0           0           0           0           0
18/11/2020 18:00           0           0           0           0           0           0
18/11/2020 19:00           0           0           0           0           0           0
18/11/2020 20:00           0           0           0           0           0           0
18/11/2020 21:00           0           0           0           0           0           0
18/11/2020 22:00           0           0           0           0           0           0
18/11/2020 23:00           0           0           0           0           0           0
19/11/2020 00:00           0           0           0           0           0           0
19/11/2020 01:00           0           0           0           0           0           0
19/11/2020 02:00           0           0           0           0           0           0
19/11/2020 03:00           0           0           0           0           0           0
19/11/2020 04:00           0           0           0           0           0           0
19/11/2020 05:00           0           0           0           0           0           0
19/11/2020 06:00           0           0           0           0           0           0
19/11/2020 07:00           0           0           0           0           0           0
19/11/2020 08:00           0           0          88         230         345         505
19/11/2020 09:00         694         892        1538         692         719        1072
19/11/2020 10:00        1275        1101         887        1262        1479        2913
19/11/2020 11:00        3021        2993        3295        3455        3247        2276
19/11/2020 12:00        2288        1302        1710        1401        2653        3524
19/11/2020 13:00        1821        1667        1153         472         936         650
19/11/2020 14:00        1954        2077        1028         448         519         994
19/11/2020 15:00         370         432         912         585         345         206
19/11/2020 16:00         256         529         544         266          34           0
19/11/2020 17:00           0           0           0           0           0           0
19/11/2020 18:00           0           0           0           0           0           0
19/11/2020 19:00           0           0           0           0           0           0
19/11/2020 20:00           0           0           0           0           0           0
19/11/2020 21:00           0           0           0           0           0           0
19/11/2020 22:00           0           0           0           0           0           0
19/11/2020 23:00           0           0           0           0           0           0
20/11/2020 00:00           0           0           0           0           0           0
20/11/2020 01:00           0           0           0           0           0           0
20/11/2020 02:00           0           0           0           0           0           0
20/11/2020 03:00           0           0           0           0           0           0
20/11/2020 04:00           0           0           0           0           0           0
20/11/2020 05:00           0           0           0           0           0           0
20/11/2020 06:00           0           0           0           0           0           0
20/11/2020 07:00           0           0           0           0           0           0
20/11/2020 08:00           0          24         120         220         383         550
20/11/2020 09:00         645         884         985        1060         838        1899
20/11/2020 10:00        1601        1439         873        1211        2871        2860
20/11/2020 11:00        2868        3409        3457        3646        3504        3858
20/11/2020 12:00        3504        2891        2224        2213        1986        2714
20/11/2020 13:00        2978        2607        2406        2008        1481         567
20/11/2020 14:00         793        1232        2342        1281         842        1156
20/11/2020 15:00        1171        1674        1071        1080         806         605
20/11/2020 16:00         443         296         231         239         194          23
20/11/2020 17:00           0           0           0           0           0           0
20/11/2020 18:00           0           0           0           0           0           0
20/11/2020 19:00           0           0           0           0           0           0
20/11/2020 20:00           0           0           0           0           0           0
20/11/2020 21:00           0           0           0           0           0           0
20/11/2020 22:00           0           0           0           0           0           0
20/11/2020 23:00           0           0           0           0           0           0
21/11/2020 00:00           0           0           0           0           0           0
21/11/2020 01:00           0           0           0           0           0           0
21/11/2020 02:00           0           0           0           0           0           0
21/11/2020 03:00           0           0           0           0           0           0
21/11/2020 04:00           0           0           0           0           0           0
21/11/2020 05:00           0           0           0           0           0           0
21/11/2020 06:00           0           0           0           0           0           0
21/11/2020 07:00           0           0           0           0           0           0
21/11/2020 08:00           0           0          33         167         332         397
21/11/2020 09:00         630         850         966        1092        1248        1342
21/11/2020 10:00        1713        2045        2196        2461        2650        2835
21/11/2020 11:00        2970        3105        3287        3352        3387        3455
21/11/2020 12:00        3603        2168         790         884        1043        1264
21/11/2020 13:00        1389        1101        2823        3030        2880        2451
21/11/2020 14:00        1695        1836        2127        1954        1732        1522
21/11/2020 15:00        1309        1087         904         732         573         422
21/11/2020 16:00         286         206         169          99          20           0
21/11/2020 17:00           0           0           0           0           0           0
21/11/2020 18:00           0           0           0           0           0           0
21/11/2020 19:00           0           0           0           0           0           0
21/11/2020 20:00           0           0           0           0           0           0
21/11/2020 21:00           0           0           0           0           0           0
21/11/2020 22:00           0           0           0           0           0           0
21/11/2020 23:00           0           0           0           0           0           0
22/11/2020 00:00           0           0           0           0           0           0
22/11/2020 01:00           0           0           0           0           0           0
22/11/2020 02:00           0           0           0           0           0           0
22/11/2020 03:00           0           0           0           0           0           0
22/11/2020 04:00           0           0           0           0           0           0
22/11/2020 05:00           0           0           0           0           0           0
22/11/2020 06:00           0           0           0           0           0           0
22/11/2020 07:00           0           0           0           0           0           0
22/11/2020 08:00           0           0           0           0          28          53
22/11/2020 09:00         113         296         204         309         422         566
22/11/2020 10:00        1072         854         741         998        1148        1119
22/11/2020 11:00         988         834         710         593         544         663
22/11/2020 12:00         670         553         730         901        1006        1154
22/11/2020 13:00        1433        1360        1191        1216        1106        1078
22/11/2020 14:00        1208        1489        1940        1136        1170        1128
22/11/2020 15:00         949         668         619         567         466         473
22/11/2020 16:00         205         157         127          64           3           0
22/11/2020 17:00           0           0           0           0           0           0
22/11/2020 18:00           0           0           0           0           0           0
22/11/2020 19:00           0           0           0           0           0           0
22/11/2020 20:00           0           0           0           0           0           0
22/11/2020 21:00           0           0           0           0           0           0
22/11/2020 22:00           0           0           0           0           0           0
22/11/2020 23:00           0           0           0           0           0           0
23/11/2020 00:00           0           0           0           0           0           0
23/11/2020 01:00           0           0           0           0           0           0
23/11/2020 02:00           0           0           0           0           0           0
23/11/2020 03:00           0           0           0           0           0           0
23/11/2020 04:00           0           0           0           0           0           0
23/11/2020 05:00           0           0           0           0           0           0
23/11/2020 06:00           0           0           0           0           0           0
23/11/2020 07:00           0           0           0           0           0           0
23/11/2020 08:00           0           0           0           0          22         134
23/11/2020 09:00         251         264         378         597         473         539
23/11/2020 10:00         705         684         726         677         848         759
23/11/2020 11:00         621         880        1269        1806        1914        1943
23/11/2020 12:00        1036         863         977        1219        1509        1351
23/11/2020 13:00        1315        1287        1059        1158        1109         970
23/11/2020 14:00         835         909         762         774         925         736
23/11/2020 15:00         757         679         637         553         442         402
23/11/2020 16:00         383         285         205         106           1           0
23/11/2020 17:00           0           0           0           0           0           0
23/11/2020 18:00           0           0           0           0           0           0
23/11/2020 19:00           0           0           0           0           0           0
23/11/2020 20:00           0           0           0           0           0           0
23/11/2020 21:00           0           0           0           0           0           0
23/11/2020 22:00           0           0           0           0           0           0
23/11/2020 23:00           0           0           0           0           0           0
24/11/2020 00:00           0           0           0           0           0           0
24/11/2020 01:00           0           0           0           0           0           0
24/11/2020 02:00           0           0           0           0           0           0
24/11/2020 03:00           0           0           0           0           0           0
24/11/2020 04:00           0           0           0           0           0           0
24/11/2020 05:00           0           0           0           0           0           0
24/11/2020 06:00           0           0           0           0           0           0
24/11/2020 07:00           0           0           0           0           0           0
24/11/2020 08:00           0           0           4         137         285         441
24/11/2020 09:00         596         668         775         678         705         772
24/11/2020 10:00        1198        1253        1680        1374        1608        1818
24/11/2020 11:00        2477        2538        2770        3042        3134        3261
24/11/2020 12:00        3227        2807        2216        2850        3339        3320
24/11/2020 13:00        2804        2976        2696        2743        2649        2194
24/11/2020 14:00        1613        1280        1218        1302        1522        1213
24/11/2020 15:00        1003         913         748         646         501         428
24/11/2020 16:00         338         252         185          92           0           0
24/11/2020 17:00           0           0           0           0           0           0
24/11/2020 18:00           0           0           0           0           0           0
24/11/2020 19:00           0           0           0           0           0           0
24/11/2020 20:00           0           0           0           0           0           0
24/11/2020 21:00           0           0           0           0           0           0
24/11/2020 22:00           0           0           0           0           0           0
24/11/2020 23:00           0           0           0           0           0           0
25/11/2020 00:00           0           0           0           0           0           0
25/11/2020 01:00           0           0           0           0           0           0
25/11/2020 02:00           0           0           0           0           0           0
25/11/2020 03:00           0           0           0           0           0           0
25/11/2020 04:00           0           0           0           0           0           0
25/11/2020 05:00           0           0           0           0           0           0
25/11/2020 06:00           0           0           0           0           0           0
25/11/2020 07:00           0           0           0           0           0           0
25/11/2020 08:00           0           0           0          19          90         149
25/11/2020 09:00         247         317         477         651         694         948
25/11/2020 10:00        1044        1138        1607        1358        1913        2410
25/11/2020 11:00        2582        2696        2985        2208        2646        3562
25/11/2020 12:00        3974        3324        3063        3782        3695        3623
25/11/2020 13:00        3529        3402        3255        2774        1628        1469
25/11/2020 14:00        1139         740         558         622         490         379
25/11/2020 15:00         187         243         338         378         312         313
25/11/2020 16:00         397         376         231          99          12           0
25/11/2020 17:00           0           0           0           0           0           0
25/11/2020 18:00           0           0           0           0           0           0
25/11/2020 19:00           0           0           0           0           0           0
25/11/2020 20:00           0           0           0           0           0           0
25/11/2020 21:00           0           0           0           0           0           0
25/11/2020 22:00           0           0           0           0           0           0
25/11/2020 23:00           0           0           0           0           0           0
26/11/2020 00:00           0           0           0           0           0           0
26/11/2020 01:00           0           0           0           0           0           0
26/11/2020 02:00           0           0           0           0           0           0
26/11/2020 03:00           0           0           0           0           0           0
26/11/2020 04:00           0           0           0           0           0           0
26/11/2020 05:00           0           0           0           0           0           0
26/11/2020 06:00           0           0           0           0           0           0
26/11/2020 07:00           0           0           0           0           0           0
26/11/2020 08:00           0           0           8          62         179         303
26/11/2020 09:00         456         617         774         944        1117        1288
26/11/2020 10:00        1480        1671        1855        2037        2223        2390
26/11/2020 11:00        2552        2706        2822        2921        3012        3074
26/11/2020 12:00        3111        3137        3127        3116        3082        2995
26/11/2020 13:00        2938        2861        2736        2611        2476        2316
26/11/2020 14:00        2167        1996        1830        1661        1469        1286
26/11/2020 15:00        1103         941         776         620         471         328
26/11/2020 16:00         225         174         133          45           0           0
26/11/2020 17:00           0           0           0           0           0           0
26/11/2020 18:00           0           0           0           0           0           0
26/11/2020 19:00           0           0           0           0           0           0
26/11/2020 20:00           0           0           0           0           0           0
26/11/2020 21:00           0           0           0           0           0           0
26/11/2020 22:00           0           0           0           0           0           0
26/11/2020 23:00           0           0           0           0           0           0
27/11/2020 00:00           0           0           0           0           0           0
27/11/2020 01:00           0           0           0           0           0           0
27/11/2020 02:00           0           0           0           0           0           0
27/11/2020 03:00           0           0           0           0           0           0
27/11/2020 04:00           0           0           0           0           0           0
27/11/2020 05:00           0           0           0           0           0           0
27/11/2020 06:00           0           0           0           0           0           0
27/11/2020 07:00           0           0           0           0           0           0
27/11/2020 08:00           0           0           0           0           6          62
27/11/2020 09:00         132         225         288         312         361         434
27/11/2020 10:00         452         588         648         705         785         952
27/11/2020 11:00         980         764         807         938         920        1004
27/11/2020 12:00        1077        1151        1498        1741        1714        1292
27/11/2020 13:00         819         779        1463        1334        2181        1685
27/11/2020 14:00         923         696         550         527         479        1172
27/11/2020 15:00        1622        1241         784         588         451         337
27/11/2020 16:00         229         177         104          13           0           0
27/11/2020 17:00           0           0           0           0           0           0
27/11/2020 18:00           0           0           0           0           0           0
27/11/2020 19:00           0           0           0           0           0           0
27/11/2020 20:00           0           0           0           0           0           0
27/11/2020 21:00           0           0           0           0           0           0
27/11/2020 22:00           0           0           0           0           0           0
27/11/2020 23:00           0           0           0           0           0           0
28/11/2020 00:00           0           0           0           0           0           0
28/11/2020 01:00           0           0           0           0           0           0
28/11/2020 02:00           0           0           0           0           0           0
28/11/2020 03:00           0           0           0           0           0           0
28/11/2020 04:00           0           0           0           0           0           0
28/11/2020 05:00           0           0           0           0           0           0
28/11/2020 06:00           0           0           0           0           0           0
28/11/2020 07:00           0           0           0           0           0           0
28/11/2020 08:00           0           0           0          19         128         260
28/11/2020 09:00         412         572         731         895        1063        1235
28/11/2020 10:00        1408        1587        1774        1958        2131        2301
28/11/2020 11:00        2453        2610        2737        2851        2924        2981
28/11/2020 12:00        3026        3040        3045        3045        3008        2942
28/11/2020 13:00        2858        2790        2696        2566        2424        2284
28/11/2020 14:00        2128        1966        1804        1631        1440        1254
28/11/2020 15:00        1076         914         754         590         430         286
28/11/2020 16:00         185         139          48           0           0           0
28/11/2020 17:00           0           0           0           0           0           0
28/11/2020 18:00           0           0           0           0           0           0
28/11/2020 19:00           0           0           0           0           0           0
28/11/2020 20:00           0           0           0           0           0           0
28/11/2020 21:00           0           0           0           0           0           0
28/11/2020 22:00           0           0           0           0           0           0
28/11/2020 23:00           0           0           0           0           0           0
29/11/2020 00:00           0           0           0           0           0           0
29/11/2020 01:00           0           0           0           0           0           0
29/11/2020 02:00           0           0           0           0           0           0
29/11/2020 03:00           0           0           0           0           0           0
29/11/2020 04:00           0           0           0           0           0           0
29/11/2020 05:00           0           0           0           0           0           0
29/11/2020 06:00           0           0           0           0           0           0
29/11/2020 07:00           0           0           0           0           0           0
29/11/2020 08:00           0           0           0          13         116         266
29/11/2020 09:00         423         578         727         886        1048        1218
29/11/2020 10:00        1414        1656        1693         951         782         604
29/11/2020 11:00         539         590         674         512         514         547
29/11/2020 12:00         575         603         761         791         601         530
29/11/2020 13:00         501         455         418         425         526         444
29/11/2020 14:00         400         404         528         539         584         576
29/11/2020 15:00         494         458         332         305         316         168
29/11/2020 16:00         122          76           5           0           0           0
29/11/2020 17:00           0           0           0           0           0           0
29/11/2020 18:00           0           0           0           0           0           0
29/11/2020 19:00           0           0           0           0           0           0
29/11/2020 20:00           0           0           0           0           0           0
29/11/2020 21:00           0           0           0           0           0           0
29/11/2020 22:00           0           0           0           0           0           0
29/11/2020 23:00           0           0           0           0           0           0
30/11/2020 00:00           0           0           0           0           0           0
30/11/2020 01:00           0           0           0           0           0           0
30/11/2020 02:00           0           0           0           0           0           0
30/11/2020 03:00           0           0           0           0           0           0
30/11/2020 04:00           0           0           0           0           0           0
30/11/2020 05:00           0           0           0           0           0           0
30/11/2020 06:00           0           0           0           0           0           0
30/11/2020 07:00           0           0           0           0           0           0
30/11/2020 08:00           0           0           0           0           0           5
30/11/2020 09:00          34         114         165         226         510         829
30/11/2020 10:00        1112         817         643         690         861        1087
30/11/2020 11:00        1323        1498        1711        2138        1953        2366
30/11/2020 12:00        2760        2697        2616        2746        2862        3133
30/11/2020 13:00        1914        2796        2675        1549        1906        1862
30/11/2020 14:00        1861        1478        1638        1508        1618        1024
30/11/2020 15:00        1377        1492         863         489         526         398
30/11/2020 16:00         228         167          38           0           0           0
30/11/2020 17:00           0           0           0           0           0           0
30/11/2020 18:00           0           0           0           0           0           0
30/11/2020 19:00           0           0           0           0           0           0
30/11/2020 20:00           0           0           0           0           0           0
30/11/2020 21:00           0           0           0           0           0           0
30/11/2020 22:00           0           0           0           0           0           0
30/11/2020 23:00           0           0           0           0           0           0
01/12/2020 00:00           0           0           0           0           0           0
01/12/2020 01:00           0           0           0           0           0           0
