01/01/2021 02:00           0           0           0           0           0           0
01/01/2021 03:00           0           0           0           0           0           0
01/01/2021 04:00           0           0           0           0           0           0
01/01/2021 05:00           0           0           0           0           0           0
01/01/2021 06:00           0           0           0           0           0           0
01/01/2021 07:00           0           0           0           0           0           0
01/01/2021 08:00           0           0           0           0           0           0
01/01/2021 09:00           0           0           0           0           0           0
01/01/2021 10:00           0           1           2         153         261         230
01/01/2021 11:00         187         234         391         432         418         426
01/01/2021 12:00         346         418         578         766         849        1080
01/01/2021 13:00        2172        2092        1351        1627        1520        1280
01/01/2021 14:00        1074        1025         944         903         805         772
01/01/2021 15:00         747         620         520         463         390         365
01/01/2021 16:00         324         237         168          88           5           0
01/01/2021 17:00           0           0           0           0           0           0
01/01/2021 18:00           0           0           0           0           0           0
01/01/2021 19:00           0           0           0           0           0           0
01/01/2021 20:00           0           0           0           0           0           0
01/01/2021 21:00           0           0           0           0           0           0
01/01/2021 22:00           0           0           0           0           0           0
01/01/2021 23:00           0           0           0           0           0           0
02/01/2021 00:00           0           0           0           0           0           0
02/01/2021 01:00           0           0           0           0           0           0
02/01/2021 02:00           0           0           0           0           0           0
02/01/2021 03:00           0           0           0           0           0           0
02/01/2021 04:00           0           0           0           0           0           0
02/01/2021 05:00           0           0           0           0           0           0
02/01/2021 06:00           0           0           0           0           0           0
02/01/2021 07:00           0           0           0           0           0           0
02/01/2021 08:00           0           0           0           0           0           1
02/01/2021 09:00           1         147         339         487         650         801
02/01/2021 10:00         994        1166        1330        1465        1619        1988
02/01/2021 11:00        1970        1738        1369        2145        2484        2486
02/01/2021 12:00        2635        2694        2706        2824        2688        2642
02/01/2021 13:00        2731        2603        2501        2391        2329        2322
02/01/2021 14:00        2175        1878        1738        1670        1408         723
02/01/2021 15:00         537         443         606         963         641         379
02/01/2021 16:00         264         162          20           0           0           0
02/01/2021 17:00           0           0           0           0           0           0
02/01/2021 18:00           0           0           0           0           0           0
02/01/2021 19:00           0           0           0           0           0           0
02/01/2021 20:00           0           0           0           0           0           0
02/01/2021 21:00           0           0           0           0           0           0
02/01/2021 22:00           0           0           0           0           0           0
02/01/2021 23:00           0           0           0           0           0           0
03/01/2021 00:00           0           0           0           0           0           0
03/01/2021 01:00           0           0           0           0           0           0
03/01/2021 02:00           0           0           0           0           0           0
03/01/2021 03:00           0           0           0           0           0           0
03/01/2021 04:00           0           0           0           0           0           0
03/01/2021 05:00           0           0           0           0           0           0
03/01/2021 06:00           0           0           0           0           0           0
03/01/2021 07:00           0           0           0           0           0           0
03/01/2021 08:00           0           0           0           0           0           0
03/01/2021 09:00           0           0           0           0           1           1
03/01/2021 10:00          47         250         204         151          77         378
03/01/2021 11:00         461         604         819         950        1111        1044
03/01/2021 12:00         924         688         664         726         760         734
03/01/2021 13:00         761         847         708         909        1071        1126
03/01/2021 14:00         908         875         919         740         754         855
03/01/2021 15:00         690         470         456         413         267          83
03/01/2021 16:00          99          94           7           0           0           0
03/01/2021 17:00           0           0           0           0           0           0
03/01/2021 18:00           0           0           0           0           0           0
03/01/2021 19:00           0           0           0           0           0           0
03/01/2021 20:00           0           0           0           0           0           0
03/01/2021 21:00           0           0           0           0           0           0
03/01/2021 22:00           0           0           0           0           0           0
03/01/2021 23:00           0           0           0           0           0           0
04/01/2021 00:00           0           0           0           0           0           0
04/01/2021 01:00           0           0           0           0           0           0
04/01/2021 02:00           0           0           0           0           0           0
04/01/2021 03:00           0           0           0           0           0           0
04/01/2021 04:00           0           0           0           0           0           0
04/01/2021 05:00           0           0           0           0           0           0
04/01/2021 06:00           0           0           0           0           0           0
04/01/2021 07:00           0           0           0           0           0           0
04/01/2021 08:00           0           0           0           0           0           0
04/01/2021 09:00           0           0           0           0           0           0
04/01/2021 10:00           1           1          55         231         207         206
04/01/2021 11:00         320         348         370         297         347         396
04/01/2021 12:00         383         172         148         149          91         162
04/01/2021 13:00         268         337         397         206         169         222
04/01/2021 14:00         323         310         171         182         274         453
04/01/2021 15:00         653         570         270         231         196         162
04/01/2021 16:00          38           0           0           0           0           0
04/01/2021 17:00           0           0           0           0           0           0
04/01/2021 18:00           0           0           0           0           0           0
04/01/2021 19:00           0           0           0           0           0           0
04/01/2021 20:00           0           0           0           0           0           0
04/01/2021 21:00           0           0           0           0           0           0
04/01/2021 22:00           0           0           0           0           0           0
04/01/2021 23:00           0           0           0           0           0           0
05/01/2021 00:00           0           0           0           0           0           0
05/01/2021 01:00           0           0           0           0           0           0
05/01/2021 02:00           0           0           0           0           0           0
05/01/2021 03:00           0           0           0           0           0           0
05/01/2021 04:00           0           0           0           0           0           0
05/01/2021 05:00           0           0           0           0           0           0
05/01/2021 06:00           0           0           0           0           0           0
05/01/2021 07:00           0           0           0           0           0           0
05/01/2021 08:00           0           0           0           0           0           0
05/01/2021 09:00           0           0           0           0           0           0
05/01/2021 10:00           0           2           3           3           0          32
05/01/2021 11:00           5           2           6         195         223         158
05/01/2021 12:00         151         162         172         215         240         245
05/01/2021 13:00         206         243         255         293         439         435
05/01/2021 14:00         401         439         394         323         277         168
05/01/2021 15:00         149          86          69          58          99          60
05/01/2021 16:00           3           0           0           0           0           0
05/01/2021 17:00           0           0           0           0           0           0
05/01/2021 18:00           0           0           0           0           0           0
05/01/2021 19:00           0           0           0           0           0           0
05/01/2021 20:00           0           0           0           0           0           0
05/01/2021 21:00           0           0           0           0           0           0
05/01/2021 22:00           0           0           0           0           0           0
05/01/2021 23:00           0           0           0           0           0           0
06/01/2021 00:00           0           0           0           0           0           0
06/01/2021 01:00           0           0           0           0           0           0
06/01/2021 02:00           0           0           0           0           0           0
06/01/2021 03:00           0           0           0           0           0           0
06/01/2021 04:00           0           0           0           0           0           0
06/01/2021 05:00           0           0           0           0           0           0
06/01/2021 06:00           0           0           0           0           0           0
06/01/2021 07:00           0           0           0           0           0           0
06/01/2021 08:00           0           0           0           0           0           0
06/01/2021 09:00           0           0           0           0           0           0
06/01/2021 10:00           0           5         209         202         221         277
06/01/2021 11:00         236         238         195         194         281         222
06/01/2021 12:00         291         277         268         270         261         257
06/01/2021 13:00         296         307         344         687         545         513
06/01/2021 14:00         304         245         229         189         193         205
06/01/2021 15:00         231         306         236         201          83          42
06/01/2021 16:00          73          59          29           0           0           0
06/01/2021 17:00           0           0           0           0           0           0
06/01/2021 18:00           0           0           0           0           0           0
06/01/2021 19:00           0           0           0           0           0           0
06/01/2021 20:00           0           0           0           0           0           0
06/01/2021 21:00           0           0           0           0           0           0
06/01/2021 22:00           0           0           0           0           0           0
06/01/2021 23:00           0           0           0           0           0           0
07/01/2021 00:00           0           0           0           0           0           0
07/01/2021 01:00           0           0           0           0           0           0
07/01/2021 02:00           0           0           0           0           0           0
07/01/2021 03:00           0           0           0           0           0           0
07/01/2021 04:00           0           0           0           0           0           0
07/01/2021 05:00           0           0           0           0           0           0
07/01/2021 06:00           0           0           0           0           0           0
07/01/2021 07:00           0           0           0           0           0           0
07/01/2021 08:00           0           0           0           0           0           0
07/01/2021 09:00           1         127         300         309         461         623
07/01/2021 10:00         514         508         625         731         701         503
07/01/2021 11:00         521         486         252         157         236         628
07/01/2021 12:00         816         820         725        1195        1290        1016
07/01/2021 13:00         760         631         685         656         701         743
07/01/2021 14:00         800         853         923        1010         865         766
07/01/2021 15:00         761         625         620         519         410         395
07/01/2021 16:00         432         339         247         150          88           1
07/01/2021 17:00           0           0           0           0           0           0
07/01/2021 18:00           0           0           0           0           0           0
07/01/2021 19:00           0           0           0           0           0           0
07/01/2021 20:00           0           0           0           0           0           0
07/01/2021 21:00           0           0           0           0           0           0
07/01/2021 22:00           0           0           0           0           0           0
07/01/2021 23:00           0           0           0           0           0           0
08/01/2021 00:00           0           0           0           0           0           0
08/01/2021 01:00           0           0           0           0           0           0
08/01/2021 02:00           0           0           0           0           0           0
08/01/2021 03:00           0           0           0           0           0           0
08/01/2021 04:00           0           0           0           0           0           0
08/01/2021 05:00           0           0           0           0           0           0
08/01/2021 06:00           0           0           0           0           0           0
08/01/2021 07:00           0           0           0           0           0           0
08/01/2021 08:00           0           0           0           0           0           0
08/01/2021 09:00           7         157         293         335         326         432
08/01/2021 10:00         500         656         662         573         462         489
08/01/2021 11:00         511         627         680         719         671         660
08/01/2021 12:00         592         548         707         699         592         494
08/01/2021 13:00         557         971        1223         992         976         943
08/01/2021 14:00        1025        1303        1303        1109        1010         926
08/01/2021 15:00         823         557         350         259         227         221
08/01/2021 16:00         244         210         158          86          15           0
08/01/2021 17:00           0           0           0           0           0           0
08/01/2021 18:00           0           0           0           0           0           0
08/01/2021 19:00           0           0           0           0           0           0
08/01/2021 20:00           0           0           0           0           0           0
08/01/2021 21:00           0           0           0           0           0           0
08/01/2021 22:00           0           0           0           0           0           0
08/01/2021 23:00           0           0           0           0           0           0
09/01/2021 00:00           0           0           0           0           0           0
09/01/2021 01:00           0           0           0           0           0           0
09/01/2021 02:00           0           0           0           0           0           0
09/01/2021 03:00           0           0           0           0           0           0
09/01/2021 04:00           0           0           0           0           0           0
09/01/2021 05:00           0           0           0           0           0           0
09/01/2021 06:00           0           0           0           0           0           0
09/01/2021 07:00           0           0           0           0           0           0
09/01/2021 08:00           0           0           0           0           0           1
09/01/2021 09:00          83         234         342         480         651         794
09/01/2021 10:00         888        1025        1113        1124        1416        1622
09/01/2021 11:00        1660         974        1198        2263        2671        2853
09/01/2021 12:00        2929        3017        3063        3091        3072        3081
09/01/2021 13:00        3027        2962        2880        2789        2674        2567
09/01/2021 14:00        2310        2304        2134        1959        1796        1650
09/01/2021 15:00        1412         950        1028         910         748         580
09/01/2021 16:00         421         287         219         178         129          31
09/01/2021 17:00           1           0           0           0           0           0
09/01/2021 18:00           0           0           0           0           0           0
09/01/2021 19:00           0           0           0           0           0           0
09/01/2021 20:00           0           0           0           0           0           0
09/01/2021 21:00           0           0           0           0           0           0
09/01/2021 22:00           0           0           0           0           0           0
09/01/2021 23:00           0           0           0           0           0           0
10/01/2021 00:00           0           0           0           0           0           0
10/01/2021 01:00           0           0           0           0           0           0
10/01/2021 02:00           0           0           0           0           0           0
10/01/2021 03:00           0           0           0           0           0           0
10/01/2021 04:00           0           0           0           0           0           0
10/01/2021 05:00           0           0           0           0           0           0
10/01/2021 06:00           0           0           0           0           0           0
10/01/2021 07:00           0           0           0           0           0           0
10/01/2021 08:00           0           0           0           0           0           0
10/01/2021 09:00           0           0          98         268         292         328
10/01/2021 10:00         401         531         550         537         577         788
10/01/2021 11:00         868         939         961        1083        1112        1104
10/01/2021 12:00        1226        1251        1854        3132        3044        3058
10/01/2021 13:00        3072        2996        2924        2829        2685        2550
10/01/2021 14:00        2458        2296        2095        1976        1765        1571
10/01/2021 15:00        1435        1101        1066         913         720         566
10/01/2021 16:00         387         267         172         128          40           9
10/01/2021 17:00           0           0           0           0           0           0
10/01/2021 18:00           0           0           0           0           0           0
10/01/2021 19:00           0           0           0           0           0           0
10/01/2021 20:00           0           0           0           0           0           0
10/01/2021 21:00           0           0           0           0           0           0
10/01/2021 22:00           0           0           0           0           0           0
10/01/2021 23:00           0           0           0           0           0           0
11/01/2021 00:00           0           0           0           0           0           0
11/01/2021 01:00           0           0           0           0           0           0
11/01/2021 02:00           0           0           0           0           0           0
11/01/2021 03:00           0           0           0           0           0           0
11/01/2021 04:00           0           0           0           0           0           0
11/01/2021 05:00           0           0           0           0           0           0
11/01/2021 06:00           0           0           0           0           0           0
11/01/2021 07:00           0           0           0           0           0           0
11/01/2021 08:00           0           0           0           0           0           0
11/01/2021 09:00           0           2          85         102         249         326
11/01/2021 10:00         378         526         514         650         682         729
11/01/2021 11:00         906         962         814         498         405         392
11/01/2021 12:00         468         524         408         270         403         361
11/01/2021 13:00         407         462         451         471         587         767
11/01/2021 14:00         607         550         571         617         596         507
11/01/2021 15:00         496         416         450         420         359         334
11/01/2021 16:00         294         300         305         268         198          61
11/01/2021 17:00           0           0           0           0           0           0
11/01/2021 18:00           0           0           0           0           0           0
11/01/2021 19:00           0           0           0           0           0           0
11/01/2021 20:00           0           0           0           0           0           0
11/01/2021 21:00           0           0           0           0           0           0
11/01/2021 22:00           0           0           0           0           0           0
11/01/2021 23:00           0           0           0           0           0           0
12/01/2021 00:00           0           0           0           0           0           0
12/01/2021 01:00           0           0           0           0           0           0
12/01/2021 02:00           0           0           0           0           0           0
12/01/2021 03:00           0           0           0           0           0           0
12/01/2021 04:00           0           0           0           0           0           0
12/01/2021 05:00           0           0           0           0           0           0
12/01/2021 06:00           0           0           0           0           0           0
12/01/2021 07:00           0           0           0           0           0           0
12/01/2021 08:00           0           0           0           0           0           0
12/01/2021 09:00           0           0           0           0           0           0
12/01/2021 10:00           0           0          58         179         171         207
12/01/2021 11:00         224         357         361         354         305         309
12/01/2021 12:00         209         227         449         508         321         420
12/01/2021 13:00         514         520         472         582         354         238
12/01/2021 14:00         284         439         555         475         405         367
12/01/2021 15:00         383         337         385         274         158          55
12/01/2021 16:00           6           8           0           0           0           0
12/01/2021 17:00           0           0           0           0           0           0
12/01/2021 18:00           0           0           0           0           0           0
12/01/2021 19:00           0           0           0           0           0           0
12/01/2021 20:00           0           0           0           0           0           0
12/01/2021 21:00           0           0           0           0           0           0
12/01/2021 22:00           0           0           0           0           0           0
12/01/2021 23:00           0           0           0           0           0           0
13/01/2021 00:00           0           0           0           0           0           0
13/01/2021 01:00           0           0           0           0           0           0
13/01/2021 02:00           0           0           0           0           0           0
13/01/2021 03:00           0           0           0           0           0           0
13/01/2021 04:00           0           0           0           0           0           0
13/01/2021 05:00           0           0           0           0           0           0
13/01/2021 06:00           0           0           0           0           0           0
13/01/2021 07:00           0           0           0           0           0           0
13/01/2021 08:00           0           0           0           0           0           0
13/01/2021 09:00           0           0           1           2          25         135
13/01/2021 10:00         215         349         445         450         385         351
13/01/2021 11:00         512         591         604         439         666         779
13/01/2021 12:00         492         239         369         332         433         175
13/01/2021 13:00         457         425         405         290         285         217
13/01/2021 14:00         143          97         166         191         182         137
13/01/2021 15:00          84          99         166         164         153         128
13/01/2021 16:00         119           0           0           0           0           0
13/01/2021 17:00           0           0           0           0           0           0
13/01/2021 18:00           0           0           0           0           0           0
13/01/2021 19:00           0           0           0           0           0           0
13/01/2021 20:00           0           0           0           0           0           0
13/01/2021 21:00           0           0           0           0           0           0
13/01/2021 22:00           0           0           0           0           0           0
13/01/2021 23:00           0           0           0           0           0           0
14/01/2021 00:00           0           0           0           0           0           0
14/01/2021 01:00           0           0           0           0           0           0
14/01/2021 02:00           0           0           0           0           0           0
14/01/2021 03:00           0           0           0           0           0           0
14/01/2021 04:00           0           0           0           0           0           0
14/01/2021 05:00           0           0           0           0           0           0
14/01/2021 06:00           0           0           0           0           0           0
14/01/2021 07:00           0           0           0           0           0           0
14/01/2021 08:00           0           0           0           0           0           0
14/01/2021 09:00           0           0           0           9         111          87
14/01/2021 10:00           0           0          24         168         435         449
14/01/2021 11:00         628         534         447         360         346         241
14/01/2021 12:00         134         168         300         285         243         298
14/01/2021 13:00         367         322         238         274         394         575
14/01/2021 14:00         761         524         556         390         330         282
14/01/2021 15:00         199           6          72         133         323         132
14/01/2021 16:00          75          21          29           0           0           0
14/01/2021 17:00           0           0           0           0           0           0
14/01/2021 18:00           0           0           0           0           0           0
14/01/2021 19:00           0           0           0           0           0           0
14/01/2021 20:00           0           0           0           0           0           0
14/01/2021 21:00           0           0           0           0           0           0
14/01/2021 22:00           0           0           0           0           0           0
14/01/2021 23:00           0           0           0           0           0           0
15/01/2021 00:00           0           0           0           0           0           0
15/01/2021 01:00           0           0           0           0           0           0
15/01/2021 02:00           0           0           0           0           0           0
15/01/2021 03:00           0           0           0           0           0           0
15/01/2021 04:00           0           0           0           0           0           0
15/01/2021 05:00           0           0           0           0           0           0
15/01/2021 06:00           0           0           0           0           0           0
15/01/2021 07:00           0           0           0           0           0           0
15/01/2021 08:00           0           0           0           0           0           0
15/01/2021 09:00           1           0           0         170         358         733
15/01/2021 10:00         868         464         339         566         901        1174
15/01/2021 11:00        1346        1986        1789        1990        2010        2599
15/01/2021 12:00        2484        2540        3293        3244        2894        3189
15/01/2021 13:00        2654        3045        3299        1960        1531        1431
15/01/2021 14:00        1156        1303        1196        1719        1708        1941
15/01/2021 15:00         712         597         698         558         350         269
15/01/2021 16:00         215         188         140          15           0           0
15/01/2021 17:00           0           0           0           0           0           0
15/01/2021 18:00           0           0           0           0           0           0
15/01/2021 19:00           0           0           0           0           0           0
15/01/2021 20:00           0           0           0           0           0           0
15/01/2021 21:00           0           0           0           0           0           0
15/01/2021 22:00           0           0           0           0           0           0
15/01/2021 23:00           0           0           0           0           0           0
16/01/2021 00:00           0           0           0           0           0           0
16/01/2021 01:00           0           0           0           0           0           0
16/01/2021 02:00           0           0           0           0           0           0
16/01/2021 03:00           0           0           0           0           0           0
16/01/2021 04:00           0           0           0           0           0           0
16/01/2021 05:00           0           0           0           0           0           0
16/01/2021 06:00           0           0           0           0           0           0
16/01/2021 07:00           0           0           0           0           0           0
16/01/2021 08:00           0           0           0           0           0           1
16/01/2021 09:00           0          10         209         272         347         424
16/01/2021 10:00         400         371         341         390         432         426
16/01/2021 11:00         439         367         342         379         350         258
16/01/2021 12:00         167          95          85         106          68          29
16/01/2021 13:00          18           0           0           0           0           0
16/01/2021 14:00           0           0           0           0           0           0
16/01/2021 15:00           0           0           0           0           0           0
16/01/2021 16:00           0           0           0           0           0           0
16/01/2021 17:00           0           0           0           0           0           0
16/01/2021 18:00           0           0           0           0           0           0
16/01/2021 19:00           0           0           0           0           0           0
16/01/2021 20:00           0           0           0           0           0           0
16/01/2021 21:00           0           0           0           0           0           0
16/01/2021 22:00           0           0           0           0           0           0
16/01/2021 23:00           0           0           0           0           0           0
17/01/2021 00:00           0           0           0           0           0           0
17/01/2021 01:00           0           0           0           0           0           0
17/01/2021 02:00           0           0           0           0           0           0
17/01/2021 03:00           0           0           0           0           0           0
17/01/2021 04:00           0           0           0           0           0           0
17/01/2021 05:00           0           0           0           0           0           0
17/01/2021 06:00           0           0           0           0           0           0
17/01/2021 07:00           0           0           0           0           0           0
17/01/2021 08:00           0           0           0           0           0           0
17/01/2021 09:00           0           1         111         279         523         841
17/01/2021 10:00         428         447         323         324         376         675
17/01/2021 11:00        1633        1839        1620        2776         982        1582
17/01/2021 12:00        2964        2794        3294        3460        3393        3027
17/01/2021 13:00        2933        3264        3445        3855        2716        2418
17/01/2021 14:00        1090         440         488         711         918         438
17/01/2021 15:00         946         791         500         284         238         380
17/01/2021 16:00         383         432         492         362         250          88
17/01/2021 17:00          35           0           0           0           0           0
17/01/2021 18:00           0           0           0           0           0           0
17/01/2021 19:00           0           0           0           0           0           0
17/01/2021 20:00           0           0           0           0           0           0
17/01/2021 21:00           0           0           0           0           0           0
17/01/2021 22:00           0           0           0           0           0           0
17/01/2021 23:00           0           0           0           0           0           0
18/01/2021 00:00           0           0           0           0           0           0
18/01/2021 01:00           0           0           0           0           0           0
18/01/2021 02:00           0           0           0           0           0           0
18/01/2021 03:00           0           0           0           0           0           0
18/01/2021 04:00           0           0           0           0           0           0
18/01/2021 05:00           0           0           0           0           0           0
18/01/2021 06:00           0           0           0           0           0           0
18/01/2021 07:00           0           0           0           0           0           0
18/01/2021 08:00           0           0           0           0           0           2
18/01/2021 09:00         193         283         411         661         673        1206
18/01/2021 10:00        1425        1486        1100        1164        1309        1984
18/01/2021 11:00        2418        2707        2450        1969        2612        2495
18/01/2021 12:00        2870        3360        1794        1716        2370        2863
18/01/2021 13:00        1419        1937        1796        1494        2390        1774
18/01/2021 14:00        1928        2212        1857        1125         982         654
18/01/2021 15:00         770        1104         746         448         345         526
18/01/2021 16:00         955         599         390         246         174          75
18/01/2021 17:00          38           0           0           0           0           0
18/01/2021 18:00           0           0           0           0           0           0
18/01/2021 19:00           0           0           0           0           0           0
18/01/2021 20:00           0           0           0           0           0           0
18/01/2021 21:00           0           0           0           0           0           0
18/01/2021 22:00           0           0           0           0           0           0
18/01/2021 23:00           0           0           0           0           0           0
19/01/2021 00:00           0           0           0           0           0           0
19/01/2021 01:00           0           0           0           0           0           0
19/01/2021 02:00           0           0           0           0           0           0
19/01/2021 03:00           0           0           0           0           0           0
19/01/2021 04:00           0           0           0           0           0           0
19/01/2021 05:00           0           0           0           0           0           0
19/01/2021 06:00           0           0           0           0           0           0
19/01/2021 07:00           0           0           0           0           0           0
19/01/2021 08:00           0           0           0           0           0           0
19/01/2021 09:00           0           1           0          27         132         151
19/01/2021 10:00         196         201         236         294         293         320
19/01/2021 11:00         403         495         565         407         310         536
19/01/2021 12:00         886         691         604         406         575         588
19/01/2021 13:00         601         745         590         503         487         744
19/01/2021 14:00        1066         900         742         749         896        1456
19/01/2021 15:00         924         799         788         523         379         299
19/01/2021 16:00         244         299         323         268         150          85
19/01/2021 17:00           0           0           0           0           0           0
19/01/2021 18:00           0           0           0           0           0           0
19/01/2021 19:00           0           0           0           0           0           0
19/01/2021 20:00           0           0           0           0           0           0
19/01/2021 21:00           0           0           0           0           0           0
19/01/2021 22:00           0           0           0           0           0           0
19/01/2021 23:00           0           0           0           0           0           0
20/01/2021 00:00           0           0           0           0           0           0
20/01/2021 01:00           0           0           0           0           0           0
20/01/2021 02:00           0           0           0           0           0           0
20/01/2021 03:00           0           0           0           0           0           0
20/01/2021 04:00           0           0           0           0           0           0
20/01/2021 05:00           0           0           0           0           0           0
20/01/2021 06:00           0           0           0           0           0           0
20/01/2021 07:00           0           0           0           0           0           0
20/01/2021 08:00           0           0           0           0           0           0
20/01/2021 09:00           0           1         177         260         245         300
20/01/2021 10:00         466         460         606         625         576         714
20/01/2021 11:00        1032        1343        1484        1532        1390         934
20/01/2021 12:00        1246        1428        1475        1492        1919        2582
20/01/2021 13:00        2435        1841        2172        1947        2630        2814
20/01/2021 14:00        2613        2058        2239        2067        1840        1431
20/01/2021 15:00        1234        1494        1432        1364         861         722
20/01/2021 16:00         614         542         449         321         237          91
20/01/2021 17:00           0           0           0           0           0           0
20/01/2021 18:00           0           0           0           0           0           0
20/01/2021 19:00           0           0           0           0           0           0
20/01/2021 20:00           0           0           0           0           0           0
20/01/2021 21:00           0           0           0           0           0           0
20/01/2021 22:00           0           0           0           0           0           0
20/01/2021 23:00           0           0           0           0           0           0
21/01/2021 00:00           0           0           0           0           0           0
21/01/2021 01:00           0           0           0           0           0           0
21/01/2021 02:00           0           0           0           0           0           0
21/01/2021 03:00           0           0           0           0           0           0
21/01/2021 04:00           0           0           0           0           0           0
21/01/2021 05:00           0           0           0           0           0           0
21/01/2021 06:00           0           0           0           0           0           0
21/01/2021 07:00           0           0           0           0           0           0
21/01/2021 08:00           0           0           0           0           7         226
21/01/2021 09:00         425         640         532         527         578         648
21/01/2021 10:00         690         783         778         969        1114        1123
21/01/2021 11:00        1125         989        1081        1075        1013         929
21/01/2021 12:00         780         811         782         707         911        1042
21/01/2021 13:00         760         847         729         599         482         644
21/01/2021 14:00         561         492         357         381         349         385
21/01/2021 15:00         352         299         166         172         116          53
21/01/2021 16:00          63          12           0           0           0           0
21/01/2021 17:00           0           0           0           0           0           0
21/01/2021 18:00           0           0           0           0           0           0
21/01/2021 19:00           0           0           0           0           0           0
21/01/2021 20:00           0           0           0           0           0           0
21/01/2021 21:00           0           0           0           0           0           0
21/01/2021 22:00           0           0           0           0           0           0
21/01/2021 23:00           0           0           0           0           0           0
22/01/2021 00:00           0           0           0           0           0           0
22/01/2021 01:00           0           0           0           0           0           0
22/01/2021 02:00           0           0           0           0           0           0
22/01/2021 03:00           0           0           0           0           0           0
22/01/2021 04:00           0           0           0           0           0           0
22/01/2021 05:00           0           0           0           0           0           0
22/01/2021 06:00           0           0           0           0           0           0
22/01/2021 07:00           0           0           0           0           0           0
22/01/2021 08:00           0           0           0           0           0           0
22/01/2021 09:00           0          36         205         286         447         386
22/01/2021 10:00         352         787        1565        1239         951         913
22/01/2021 11:00        1326        1413         844        1121        1525        2191
22/01/2021 12:00        1584        1240        1532        2279        2999        3601
22/01/2021 13:00        2782        2698        2654        1379        1160        1129
22/01/2021 14:00        2739        3080        2218        1996        1794        2122
22/01/2021 15:00        1709         743         562         914         736         950
22/01/2021 16:00         749         640         546         438         335         270
22/01/2021 17:00         163          24           0           0           0           0
22/01/2021 18:00           0           0           0           0           0           0
22/01/2021 19:00           0           0           0           0           0           0
22/01/2021 20:00           0           0           0           0           0           0
22/01/2021 21:00           0           0           0           0           0           0
22/01/2021 22:00           0           0           0           0           0           0
22/01/2021 23:00           0           0           0           0           0           0
23/01/2021 00:00           0           0           0           0           0           0
23/01/2021 01:00           0           0           0           0           0           0
23/01/2021 02:00           0           0           0           0           0           0
23/01/2021 03:00           0           0           0           0           0           0
23/01/2021 04:00           0           0           0           0           0           0
23/01/2021 05:00           0           0           0           0           0           0
23/01/2021 06:00           0           0           0           0           0           0
23/01/2021 07:00           0           0           0           0           0           0
23/01/2021 08:00           0           0           0           0           0           3
23/01/2021 09:00           1           0           0           0           0           0
23/01/2021 10:00           0           0          78         273         268         445
23/01/2021 11:00         746         510         812         623         361         498
23/01/2021 12:00         428         250         289         195         387         412
23/01/2021 13:00         505         978        1465        1464        1666        2982
23/01/2021 14:00        1918         619          81         490        2055        1290
23/01/2021 15:00        1942         841          29          94         330         637
23/01/2021 16:00         172          13           0           0           0           0
23/01/2021 17:00           0           0           0           0           0           0
23/01/2021 18:00           0           0           0           0           0           0
23/01/2021 19:00           0           0           0           0           0           0
23/01/2021 20:00           0           0           0           0           0           0
23/01/2021 21:00           0           0           0           0           0           0
23/01/2021 22:00           0           0           0           0           0           0
23/01/2021 23:00           0           0           0           0           0           0
24/01/2021 00:00           0           0           0           0           0           0
24/01/2021 01:00           0           0           0           0           0           0
24/01/2021 02:00           0           0           0           0           0           0
24/01/2021 03:00           0           0           0           0           0           0
24/01/2021 04:00           0           0           0           0           0           0
24/01/2021 05:00           0           0           0           0           0           0
24/01/2021 06:00           0           0           0           0           0           0
24/01/2021 07:00           0           0           0           0           0           0
24/01/2021 08:00           0           0           0           0           1         162
24/01/2021 09:00         414         578         758         863         855         718
24/01/2021 10:00         782         858         707         759        1089         973
24/01/2021 11:00        1016        1260        1457        2303        2010        1227
24/01/2021 12:00         782         726         503         603         687         565
24/01/2021 13:00         578         344         277         256         205         200
24/01/2021 14:00         126          19           0           0          19           1
24/01/2021 15:00           0           0           0           0           0           0
24/01/2021 16:00           0           0           0           0           0           0
24/01/2021 17:00           0           0           0           0           0           0
24/01/2021 18:00           0           0           0           0           0           0
24/01/2021 19:00           0           0           0           0           0           0
24/01/2021 20:00           0           0           0           0           0           0
24/01/2021 21:00           0           0           0           0           0           0
24/01/2021 22:00           0           0           0           0           0           0
24/01/2021 23:00           0           0           0           0           0           0
25/01/2021 00:00           0           0           0           0           0           0
25/01/2021 01:00           0           0           0           0           0           0
25/01/2021 02:00           0           0           0           0           0           0
25/01/2021 03:00           0           0           0           0           0           0
25/01/2021 04:00           0           0           0           0           0           0
25/01/2021 05:00           0           0           0           0           0           0
25/01/2021 06:00           0           0           0           0           0           0
25/01/2021 07:00           0           0           0           0           0           0
25/01/2021 08:00           0           0           0           0           0           0
25/01/2021 09:00           0           0           0           0          45           0
25/01/2021 10:00          40           0           0           0         407         476
25/01/2021 11:00         334         497         242         482         923        2342
25/01/2021 12:00        1552        1870        3814        3709        3613        2632
25/01/2021 13:00        2551        2700        3245        2922        2957        1780
25/01/2021 14:00        2194        3079        1722        2279        1735        1657
25/01/2021 15:00        2052        2286        2430        2012        1135         707
25/01/2021 16:00         893         857         830         377         221         159
25/01/2021 17:00         112          25           0           0           0           0
25/01/2021 18:00           0           0           0           0           0           0
25/01/2021 19:00           0           0           0           0           0           0
25/01/2021 20:00           0           0           0           0           0           0
25/01/2021 21:00           0           0           0           0           0           0
25/01/2021 22:00           0           0           0           0           0           0
25/01/2021 23:00           0           0           0           0           0           0
26/01/2021 00:00           0           0           0           0           0           0
26/01/2021 01:00           0           0           0           0           0           0
26/01/2021 02:00           0           0           0           0           0           0
26/01/2021 03:00           0           0           0           0           0           0
26/01/2021 04:00           0           0           0           0           0           0
26/01/2021 05:00           0           0           0           0           0           0
26/01/2021 06:00           0           0           0           0           0           0
26/01/2021 07:00           0           0           0           0           0           0
26/01/2021 08:00           0           0           0           0           0          52
26/01/2021 09:00         348         604         759         928        1281        1614
26/01/2021 10:00        1437        1447        1944        1877        1712        1809
26/01/2021 11:00        2120        1911        1892        1797        1931        1704
26/01/2021 12:00        1222         931         872         845         922         932
26/01/2021 13:00         916         942        1008         851         729         747
26/01/2021 14:00         788         898        1119        1607        1351        1135
26/01/2021 15:00        1173         904         865        1101         880         409
26/01/2021 16:00         266         281         255         210         124           0
26/01/2021 17:00           0           0           0           0           0           0
26/01/2021 18:00           0           0           0           0           0           0
26/01/2021 19:00           0           0           0           0           0           0
26/01/2021 20:00           0           0           0           0           0           0
26/01/2021 21:00           0           0           0           0           0           0
26/01/2021 22:00           0           0           0           0           0           0
26/01/2021 23:00           0           0           0           0           0           0
27/01/2021 00:00           0           0           0           0           0           0
27/01/2021 01:00           0           0           0           0           0           0
27/01/2021 02:00           0           0           0           0           0           0
27/01/2021 03:00           0           0           0           0           0           0
27/01/2021 04:00           0           0           0           0           0           0
27/01/2021 05:00           0           0           0           0           0           0
27/01/2021 06:00           0           0           0           0           0           0
27/01/2021 07:00           0           0           0           0           0           0
27/01/2021 08:00           0           0           0           0           0          49
27/01/2021 09:00         148          72         117         189         297         270
27/01/2021 10:00         343         345         413         356         378         402
27/01/2021 11:00         561         494         491         657         591         706
27/01/2021 12:00         547         419         504         609         589         471
27/01/2021 13:00         319         326         430         594         786         588
27/01/2021 14:00         712         751         946         802         735         504
27/01/2021 15:00         378         276         208         197         135          96
27/01/2021 16:00          49          51         134         166         126          23
27/01/2021 17:00           0           0           0           0           0           0
27/01/2021 18:00           0           0           0           0           0           0
27/01/2021 19:00           0           0           0           0           0           0
27/01/2021 20:00           0           0           0           0           0           0
27/01/2021 21:00           0           0           0           0           0           0
27/01/2021 22:00           0           0           0           0           0           0
27/01/2021 23:00           0           0           0           0           0           0
28/01/2021 00:00           0           0           0           0           0           0
28/01/2021 01:00           0           0           0           0           0           0
28/01/2021 02:00           0           0           0           0           0           0
28/01/2021 03:00           0           0           0           0           0           0
28/01/2021 04:00           0           0           0           0           0           0
28/01/2021 05:00           0           0           0           0           0           0
28/01/2021 06:00           0           0           0           0           0           0
28/01/2021 07:00           0           0           0           0           0           0
28/01/2021 08:00           0           0           0           0           0           0
28/01/2021 09:00           0           0          67          19         304         289
28/01/2021 10:00         368         319         463         659         407         464
28/01/2021 11:00         449         574         562         364         447         694
28/01/2021 12:00         632         904        1640        1415        1100         697
28/01/2021 13:00        1728         722        1577        2489        1283        2492
28/01/2021 14:00        2981        2407        1223        2127         987         356
28/01/2021 15:00         314         268        1030         693         733         745
28/01/2021 16:00         458         330         122           2         110           0
28/01/2021 17:00           0           0           0           0           0           0
28/01/2021 18:00           0           0           0           0           0           0
28/01/2021 19:00           0           0           0           0           0           0
28/01/2021 20:00           0           0           0           0           0           0
28/01/2021 21:00           0           0           0           0           0           0
28/01/2021 22:00           0           0           0           0           0           0
28/01/2021 23:00           0           0           0           0           0           0
29/01/2021 00:00           0           0           0           0           0           0
29/01/2021 01:00           0           0           0           0           0           0
29/01/2021 02:00           0           0           0           0           0           0
29/01/2021 03:00           0           0           0           0           0           0
29/01/2021 04:00           0           0           0           0           0           0
29/01/2021 05:00           0           0           0           0           0           0
29/01/2021 06:00           0           0           0           0           0           0
29/01/2021 07:00           0           0           0           0           0           0
29/01/2021 08:00           0           0           0           0           0          55
29/01/2021 09:00          48          17         229         243         474         350
29/01/2021 10:00         447         642         600         403         462         449
29/01/2021 11:00         336         424         721         884        1087         699
29/01/2021 12:00         648        3698        3111        1635         433         558
29/01/2021 13:00         566         605         693        1765        1378        1142
29/01/2021 14:00         959        1340         991         930        1247         749
29/01/2021 15:00         585         580         465         271         264         223
29/01/2021 16:00         147         115         193         163           4         209
29/01/2021 17:00         201         104           0           0           0           0
29/01/2021 18:00           0           0           0           0           0           0
29/01/2021 19:00           0           0           0           0           0           0
29/01/2021 20:00           0           0           0           0           0           0
29/01/2021 21:00           0           0           0           0           0           0
29/01/2021 22:00           0           0           0           0           0           0
29/01/2021 23:00           0           0           0           0           0           0
30/01/2021 00:00           0           0           0           0           0           0
30/01/2021 01:00           0           0           0           0           0           0
30/01/2021 02:00           0           0           0           0           0           0
30/01/2021 03:00           0           0           0           0           0           0
30/01/2021 04:00           0           0           0           0           0           0
30/01/2021 05:00           0           0           0           0           0           0
30/01/2021 06:00           0           0           0           0           0           0
30/01/2021 07:00           0           0           0           0           0           0
30/01/2021 08:00           0           0           0           0           0           0
30/01/2021 09:00           0           0           0           1          24         235
30/01/2021 10:00         417         366         234         410         735         998
30/01/2021 11:00         932        1009         834         970         925         959
30/01/2021 12:00        1975        1856        1868        3074        2371        1392
30/01/2021 13:00        1915        2051        3222        1327        1651        3367
30/01/2021 14:00        2408        2133         887        1720        1091        1003
30/01/2021 15:00         712         912        1027         717         738         763
30/01/2021 16:00         693         781         791         650         364         113
30/01/2021 17:00           0           0           0           0           0           0
30/01/2021 18:00           0           0           0           0           0           0
30/01/2021 19:00           0           0           0           0           0           0
30/01/2021 20:00           0           0           0           0           0           0
30/01/2021 21:00           0           0           0           0           0           0
30/01/2021 22:00           0           0           0           0           0           0
30/01/2021 23:00           0           0           0           0           0           0
31/01/2021 00:00           0           0           0           0           0           0
31/01/2021 01:00           0           0           0           0           0           0
31/01/2021 02:00           0           0           0           0           0           0
31/01/2021 03:00           0           0           0           0           0           0
31/01/2021 04:00           0           0           0           0           0           0
31/01/2021 05:00           0           0           0           0           0           0
31/01/2021 06:00           0           0           0           0           0           0
31/01/2021 07:00           0           0           0           0           0           0
31/01/2021 08:00           0           0           0           0           0           0
31/01/2021 09:00           0          13           4           5         282         435
31/01/2021 10:00         291         335         376         415         420         539
31/01/2021 11:00         714         687         830         935         773         930
31/01/2021 12:00         674         691         867         933         738         756
31/01/2021 13:00         697         911         759         985        1290        1120
31/01/2021 14:00        1302        1371         933        1320        1244         977
31/01/2021 15:00         743         497         467         413         205         329
31/01/2021 16:00         275         247         345         261          98           0
31/01/2021 17:00           0           0           0           0           0           0
31/01/2021 18:00           0           0           0           0           0           0
31/01/2021 19:00           0           0           0           0           0           0
31/01/2021 20:00           0           0           0           0           0           0
31/01/2021 21:00           0           0           0           0           0           0
31/01/2021 22:00           0           0           0           0           0           0
31/01/2021 23:00           0           0           0           0           0           0
01/02/2021 00:00           0           0           0           0           0           0
01/02/2021 01:00           0           0           0           0           0           0
