01/08/2020 02:00           0           0           0           0           0           0
01/08/2020 03:00           0           0           0           0           0           0
01/08/2020 04:00           0           0           0           0           0           0
01/08/2020 05:00           0           0           0           0           0           0
01/08/2020 06:00           0           0           0           0           0           0
01/08/2020 07:00          75         139         298         412         565         738
01/08/2020 08:00         927        1095         774         570         520         521
01/08/2020 09:00         489         518         544         731         774         911
01/08/2020 10:00         973        1189         892         677         786         728
01/08/2020 11:00         780        1301        1042        1132        1145        1096
01/08/2020 12:00        1002        1525        2310        1877        2656        2904
01/08/2020 13:00        3062        3190        2707        2990        3170        2891
01/08/2020 14:00        3152        3113        1991        2185        1762        2181
01/08/2020 15:00        1747        1709        2075        2482        1928        2241
01/08/2020 16:00        2488        2158        1405        2079        1073        1200
01/08/2020 17:00        1035        2308        2556        1089         941         913
01/08/2020 18:00         958         938         630         910         753         646
01/08/2020 19:00         557         551         441         375         329         303
01/08/2020 20:00         306         268         224         208         148          92
01/08/2020 21:00           0           0           0           0           0           0
01/08/2020 22:00           0           0           0           0           0           0
01/08/2020 23:00           0           0           0           0           0           0
02/08/2020 00:00           0           0           0           0           0           0
02/08/2020 01:00           0           0           0           0           0           0
02/08/2020 02:00           0           0           0           0           0           0
02/08/2020 03:00           0           0           0           0           0           0
02/08/2020 04:00           0           0           0           0           0           0
02/08/2020 05:00           0           0           0           0           0           0
02/08/2020 06:00           0           0           0           0           0           0
02/08/2020 07:00           0           0           0           0           0           0
02/08/2020 08:00           0           0           0           0           0           0
02/08/2020 09:00           0           0           0           0           0           0
02/08/2020 10:00           0           0           0           0           0           0
02/08/2020 11:00           0           0           0           0           0           0
02/08/2020 12:00           0           0           0           0           0           0
02/08/2020 13:00           0           0           0           0           0           0
02/08/2020 14:00           0           0           0           0           0           0
02/08/2020 15:00           0           0           0           0           0           0
02/08/2020 16:00           0           0           0           0           0           0
02/08/2020 17:00           0           0           0           0           0           0
02/08/2020 18:00           0           0           0           0           0           0
02/08/2020 19:00           0           0           0           0           0           0
02/08/2020 20:00           0           0           0           0           0           0
02/08/2020 21:00           0           0           0           0           0           0
02/08/2020 22:00           0           0           0           0           0           0
02/08/2020 23:00           0           0           0           0           0           0
03/08/2020 00:00           0           0           0           0           0           0
03/08/2020 01:00           0           0           0           0           0           0
03/08/2020 02:00           0           0           0           0           0           0
03/08/2020 03:00           0           0           0           0           0           0
03/08/2020 04:00           0           0           0           0           0           0
03/08/2020 05:00           0           0           0           0           0           0
03/08/2020 06:00           0           0           0           0           0           0
03/08/2020 07:00           0           0           0           0           0           0
03/08/2020 08:00           0           0           0           0           0           0
03/08/2020 09:00           0           0           0           0           0           0
03/08/2020 10:00           0           0           0           0           0           0
03/08/2020 11:00           0           0           0           0           0           0
03/08/2020 12:00           0        2088        2749        1048        2164        2006
03/08/2020 13:00        1641         758        1099        2747        1985        1902
03/08/2020 14:00         625         647         905        1331        1448        1383
03/08/2020 15:00        1727        1957        1141        2837        2717        2129
03/08/2020 16:00        4737        4482        3087        1409        3713        4836
03/08/2020 17:00        1910         836        1499        1715        1359        1244
03/08/2020 18:00         890        2524        3192        2262         674         836
03/08/2020 19:00         501         695         535        1309         893         683
03/08/2020 20:00         409         432         302         198         149          65
03/08/2020 21:00          19           0           0           0           0           0
03/08/2020 22:00           0           0           0           0           0           0
03/08/2020 23:00           0           0           0           0           0           0
04/08/2020 00:00           0           0           0           0           0           0
04/08/2020 01:00           0           0           0           0           0           0
04/08/2020 02:00           0           0           0           0           0           0
04/08/2020 03:00           0           0           0           0           0           0
04/08/2020 04:00           0           0           0           0           0           0
04/08/2020 05:00           0           0           0           0           0           0
04/08/2020 06:00           0           0           0           0           0          20
04/08/2020 07:00         116         214         362         511         690         902
04/08/2020 08:00        1136        1399        1660        1931        2211        2490
04/08/2020 09:00        2768        3052        3334        3598        3872        4107
04/08/2020 10:00        4352        4569        4780        5002        5191        5186
04/08/2020 11:00        5506        5601        5689        5726        5761        5777
04/08/2020 12:00        5789        5525        5780        4054        3880        5779
04/08/2020 13:00        5706        3345         840        2491        3219        2507
04/08/2020 14:00         991        2810         868        2429        3259        3242
04/08/2020 15:00        3240        3245        3263        3257        2817        2565
04/08/2020 16:00        3234        3157        2843        2991        2590        2749
04/08/2020 17:00        2147        2567        2440        2249        2085        1946
04/08/2020 18:00        1784        1606        1477        1319        1218        1076
04/08/2020 19:00         915         778         642         510         359         297
04/08/2020 20:00         217         161         116          87          49           0
04/08/2020 21:00           0           0           0           0           0           0
04/08/2020 22:00           0           0           0           0           0           0
04/08/2020 23:00           0           0           0           0           0           0
05/08/2020 00:00           0           0           0           0           0           0
05/08/2020 01:00           0           0           0           0           0           0
05/08/2020 02:00           0           0           0           0           0           0
05/08/2020 03:00           0           0           0           0           0           0
05/08/2020 04:00           0           0           0           0           0           0
05/08/2020 05:00           0           0           0           0           0           0
05/08/2020 06:00           0           0           0           0           0           0
05/08/2020 07:00          42         113         170         247         346         462
05/08/2020 08:00         596         741         891        1047        1204        1361
05/08/2020 09:00        1513        1660        1819        1966        2101        2244
05/08/2020 10:00        2382        2498        2617        1820           0         891
05/08/2020 11:00        2945        3083        3132        2895        3203        3226
05/08/2020 12:00        3228        3227        3238        3245        3242        3192
05/08/2020 13:00        3223        3222        3233        3244        3239        3197
05/08/2020 14:00        3242        3224        3099        2793        2736        2017
05/08/2020 15:00        2088        2721        2678        2704        2630        2624
05/08/2020 16:00        2575        2595        2556        2513        2445        2409
05/08/2020 17:00        2330        2284        2200        2101        2003        1891
05/08/2020 18:00        1753        1622        1487        1344        1187        1045
05/08/2020 19:00         909         767         621         474         368         284
05/08/2020 20:00         203         148         109          82          35           0
05/08/2020 21:00           0           0           0           0           0           0
05/08/2020 22:00           0           0           0           0           0           0
05/08/2020 23:00           0           0           0           0           0           0
06/08/2020 00:00           0           0           0           0           0           0
06/08/2020 01:00           0           0           0           0           0           0
06/08/2020 02:00           0           0           0           0           0           0
06/08/2020 03:00           0           0           0           0           0           0
06/08/2020 04:00           0           0           0           0           0           0
06/08/2020 05:00           0           0           0           0           0           0
06/08/2020 06:00           0           0           0           0           0          10
06/08/2020 07:00         120         141         172         253         250         417
06/08/2020 08:00         600         757         692         952         827        1184
06/08/2020 09:00        1350        1680        1585        1702        1860        2237
06/08/2020 10:00        2241        2205        2560        2474        2438        2579
06/08/2020 11:00        2610        2545        2639        2670        2604        2548
06/08/2020 12:00        2639        2694        2635        2628        2716        2641
06/08/2020 13:00        2702        2769        3025        3156        2955        3221
06/08/2020 14:00        3199        3204        3191        3140        3122        3080
06/08/2020 15:00        3058        3078        3076        3027        2966        2946
06/08/2020 16:00        2955        2909        2814        2689        2611        2497
06/08/2020 17:00        2469        2371        2255        2124        1976        1848
06/08/2020 18:00        1718        1572         192         756        1137        1001
06/08/2020 19:00         868         736         603         481         373         280
06/08/2020 20:00         205         150         109          82          39           0
06/08/2020 21:00           0           0           0           0           0           0
06/08/2020 22:00           0           0           0           0           0           0
06/08/2020 23:00           0           0           0           0           0           0
07/08/2020 00:00           0           0           0           0           0           0
07/08/2020 01:00           0           0           0           0           0           0
07/08/2020 02:00           0           0           0           0           0           0
07/08/2020 03:00           0           0           0           0           0           0
07/08/2020 04:00           0           0           0           0           0           0
07/08/2020 05:00           0           0           0           0           0           0
07/08/2020 06:00           0           0           0           0           0           0
07/08/2020 07:00           0           6          73         117         322         433
07/08/2020 08:00         559         698         845         997        1151        1304
07/08/2020 09:00        1456        1606        1760        1908        2046        2178
07/08/2020 10:00        2300        2329        2393        2428        2494        2508
07/08/2020 11:00        2550        2568        2587        2623        2648        2628
07/08/2020 12:00        2607        2652        2673        2663        2681        2643
07/08/2020 13:00        2629        2635        2614        2569        2574        2536
07/08/2020 14:00        2561        2582        2630        2597        2532        2512
07/08/2020 15:00        2461        2448        2456        2451        2457        2445
07/08/2020 16:00        2387        2385        2403        2371        2268        2204
07/08/2020 17:00        2164        2084        2025        1951        1873        1772
07/08/2020 18:00        1652        1528        1405        1268        1131         998
07/08/2020 19:00         865         725         587         466         358         263
07/08/2020 20:00         189         137          99          71          10           0
07/08/2020 21:00           0           0           0           0           0           0
07/08/2020 22:00           0           0           0           0           0           0
07/08/2020 23:00           0           0           0           0           0           0
08/08/2020 00:00           0           0           0           0           0           0
08/08/2020 01:00           0           0           0           0           0           0
08/08/2020 02:00           0           0           0           0           0           0
08/08/2020 03:00           0           0           0           0           0           0
08/08/2020 04:00           0           0           0           0           0           0
08/08/2020 05:00           0           0           0           0           0           0
08/08/2020 06:00           0           0           0           0           0           0
08/08/2020 07:00           0          28          81         120         311         415
08/08/2020 08:00         550         681         797         939        1061        1201
08/08/2020 09:00        1329        1490        1633        1779        1910        2023
08/08/2020 10:00        2121        2206        2285        2360        2415        2441
08/08/2020 11:00        2476        2482        2519        2535        2560        2541
08/08/2020 12:00        2496        2522        2398        2295        2585        2491
08/08/2020 13:00        2445        2133        2135        2498        2121        1484
08/08/2020 14:00        1387        1138         956         998        1299        2584
08/08/2020 15:00        2266        2463        2512        2382        1836        1752
08/08/2020 16:00        2490        2223        1046         978        1045         924
08/08/2020 17:00         972        2014         991         974        1692        1131
08/08/2020 18:00         667         602        1163        1121         981         955
08/08/2020 19:00         566         611         610         254         318         281
08/08/2020 20:00         221         152         119          82          28           0
08/08/2020 21:00           0           0           0           0           0           0
08/08/2020 22:00           0           0           0           0           0           0
08/08/2020 23:00           0           0           0           0           0           0
09/08/2020 00:00           0           0           0           0           0           0
09/08/2020 01:00           0           0           0           0           0           0
09/08/2020 02:00           0           0           0           0           0           0
09/08/2020 03:00           0           0           0           0           0           0
09/08/2020 04:00           0           0           0           0           0           0
09/08/2020 05:00           0           0           0           0           0           0
09/08/2020 06:00           0           0           0           0           0           0
09/08/2020 07:00           0           0           0         191         378         425
09/08/2020 08:00         403         367         372         427         485         575
09/08/2020 09:00         752         839        1282        1439        1055        1012
09/08/2020 10:00        1002        2293        2101        1640        2410        1909
09/08/2020 11:00        2398        2277        2435        2458        2356        2468
09/08/2020 12:00        2499        2322        2366        2395        2406        2364
09/08/2020 13:00        2432        2460        2457        2430        2427        2411
09/08/2020 14:00        2368        2371        2366        2344        2303        2312
09/08/2020 15:00        2339        2350        2296        2273        2259        2277
09/08/2020 16:00        2206        2207        2219        2118        2225        2124
09/08/2020 17:00        1666         312         267         280         297         345
09/08/2020 18:00         662        1335        1732        1608        1442        1092
09/08/2020 19:00        1141        1035         841         697         624         620
09/08/2020 20:00         585         508         367         227         181         182
09/08/2020 21:00         136          27           0           0           0           0
09/08/2020 22:00           0           0           0           0           0           0
09/08/2020 23:00           0           0           0           0           0           0
10/08/2020 00:00           0           0           0           0           0           0
10/08/2020 01:00           0           0           0           0           0           0
10/08/2020 02:00           0           0           0           0           0           0
10/08/2020 03:00           0           0           0           0           0           0
10/08/2020 04:00           0           0           0           0           0           0
10/08/2020 05:00           0           0           0           0           0           0
10/08/2020 06:00           0           0           0           0           0           0
10/08/2020 07:00           0           0           0           0           0           0
10/08/2020 08:00           0           0           0          64         112         148
10/08/2020 09:00         217         266         267         368         343         331
10/08/2020 10:00         363         455         536         631         937        1058
10/08/2020 11:00        1167        1375        1033        1040        1421        1302
10/08/2020 12:00        1141        1157        1182         947        1179        1025
10/08/2020 13:00         798        1398        1125        1101        1086        1070
10/08/2020 14:00        1064        1048         724         703        1083         853
10/08/2020 15:00        1265        1150        1029         865         655         608
10/08/2020 16:00           0          72         786         111           0           0
10/08/2020 17:00           0           0           0           0           0           0
10/08/2020 18:00           0           0           0           0           0           0
10/08/2020 19:00           0           0           0           0           0           0
10/08/2020 20:00           0           0           0           0           0           0
10/08/2020 21:00           0           0           0           0           0           0
10/08/2020 22:00           0           0           0           0           0           0
10/08/2020 23:00           0           0           0           0           0           0
11/08/2020 00:00           0           0           0           0           0           0
11/08/2020 01:00           0           0           0           0           0           0
11/08/2020 02:00           0           0           0           0           0           0
11/08/2020 03:00           0           0           0           0           0           0
11/08/2020 04:00           0           0           0           0           0           0
11/08/2020 05:00           0           0           0           0           0           0
11/08/2020 06:00           0           0           0           0           0           0
11/08/2020 07:00           0           0           0           0           0           0
11/08/2020 08:00           0           0           0           0           0           0
11/08/2020 09:00           0           0           0         297         828         968
11/08/2020 10:00        1000        1172        1246        1310        1357        1405
11/08/2020 11:00        1448        1493        1563        1618        1637        1602
11/08/2020 12:00        1644        1659        2395        3432        3499        3564
11/08/2020 13:00        3819        3956        4092        4091        4072        4062
11/08/2020 14:00        4017        4094        4059        4024        4042        4050
11/08/2020 15:00        4034        4032        3035        3629        2522        3223
11/08/2020 16:00        1724         841         544         417         257         155
11/08/2020 17:00         107          73          35          18           0           0
11/08/2020 18:00           0           0           0           0           0           0
11/08/2020 19:00           0           0           0           0           0           0
11/08/2020 20:00           0           0           0           0           0           0
11/08/2020 21:00           0           0           0           0           0           0
11/08/2020 22:00           0           0           0           0           0           0
11/08/2020 23:00           0           0           0           0           0           0
12/08/2020 00:00           0           0           0           0           0           0
12/08/2020 01:00           0           0           0           0           0           0
12/08/2020 02:00           0           0           0           0           0           0
12/08/2020 03:00           0           0           0           0           0           0
12/08/2020 04:00           0           0           0           0           0           0
12/08/2020 05:00           0           0           0           0           0           0
12/08/2020 06:00           0           0           0           0           0           0
12/08/2020 07:00           0           0           0           0           0           5
12/08/2020 08:00         125         188         276         620         629         788
12/08/2020 09:00         960        1263        2108        1468        1833        2910
12/08/2020 10:00        2806        3012        3150        3317        3440        3557
12/08/2020 11:00        3675        3776        3856        3928        3959        3854
12/08/2020 12:00        4009        4044        3861        3969        4029        4036
12/08/2020 13:00        4013        4033        4033        4010        4033        3910
12/08/2020 14:00        3740        4084        4053        3056        1643        1412
12/08/2020 15:00        2278        3974        3971        3929        3931        3914
12/08/2020 16:00        3772        3693        3624        2963        3461        3200
12/08/2020 17:00        3164        3016        2879        2783        2691        1318
12/08/2020 18:00         780         627         384         208         114          37
12/08/2020 19:00           0           0           0           0           0           0
12/08/2020 20:00           0           0           0           0           0           0
12/08/2020 21:00           0           0           0           0           0           0
12/08/2020 22:00           0           0           0           0           0           0
12/08/2020 23:00           0           0           0           0           0           0
13/08/2020 00:00           0           0           0           0           0           0
13/08/2020 01:00           0           0           0           0           0           0
13/08/2020 02:00           0           0           0           0           0           0
13/08/2020 03:00           0           0           0           0           0           0
13/08/2020 04:00           0           0           0           0           0           0
13/08/2020 05:00           0           0           0           0           0           0
13/08/2020 06:00           0           0           0           0           0           0
13/08/2020 07:00           0           0           0          22         353         204
13/08/2020 08:00         254         758         775         979        1264        1434
13/08/2020 09:00         622         440         404         650         734        1348
13/08/2020 10:00        3073        3093        3207        3350        3545        3688
13/08/2020 11:00        3828        3878        4042        3377        3801        3315
13/08/2020 12:00        4042        4011        3836        4037        3817        3980
13/08/2020 13:00        4019        3788        3410        3453        3616        3851
13/08/2020 14:00        3951        3605        2841        3686        3225        2953
13/08/2020 15:00        2227        2339        1743        1612        2328        1630
13/08/2020 16:00        2055        3633        2773        2761        3328        3587
13/08/2020 17:00        3212        2191        1812        1673         861         806
13/08/2020 18:00         611         696         685         756         601         902
13/08/2020 19:00         172           0           0           0           0           0
13/08/2020 20:00           0           0           0           0           0           0
13/08/2020 21:00           0           0           0           0           0           0
13/08/2020 22:00           0           0           0           0           0           0
13/08/2020 23:00           0           0           0           0           0           0
14/08/2020 00:00           0           0           0           0           0           0
14/08/2020 01:00           0           0           0           0           0           0
14/08/2020 02:00           0           0           0           0           0           0
14/08/2020 03:00           0           0           0           0           0           0
14/08/2020 04:00           0           0           0           0           0           0
14/08/2020 05:00           0           0           0           0           0           0
14/08/2020 06:00           0           0           0           0           0           0
14/08/2020 07:00           0           0         112         292         372         512
14/08/2020 08:00         487         737         396         439         740         935
14/08/2020 09:00        1454        1526        1077         588         467         620
14/08/2020 10:00         799        1799        2357        1350        1447        1010
14/08/2020 11:00        1151        1107        1042        1781        2409        1818
14/08/2020 12:00        1872        1689        2263        2136        1984        1980
14/08/2020 13:00        2254        2182        1851        1168        1095         923
14/08/2020 14:00         781        1043        1039        1264        1322        1222
14/08/2020 15:00        1626        1821        2302        1608        2235        1514
14/08/2020 16:00        1861        1715        1739        2275        2204        2914
14/08/2020 17:00        1050        1992        2261        1706         850         765
14/08/2020 18:00         815         782         651         650         524         523
14/08/2020 19:00         550         333         261         232         203         200
14/08/2020 20:00         206         152         126         126          77          24
14/08/2020 21:00           0           0           0           0           0           0
14/08/2020 22:00           0           0           0           0           0           0
14/08/2020 23:00           0           0           0           0           0           0
15/08/2020 00:00           0           0           0           0           0           0
15/08/2020 01:00           0           0           0           0           0           0
15/08/2020 02:00           0           0           0           0           0           0
15/08/2020 03:00           0           0           0           0           0           0
15/08/2020 04:00           0           0           0           0           0           0
15/08/2020 05:00           0           0           0           0           0           0
15/08/2020 06:00           0           0           0           0           0           0
15/08/2020 07:00           0           0           0          72         256         368
15/08/2020 08:00         437         391         616         993        1379        1930
15/08/2020 09:00        2163        2038        1830        1559        1296         885
15/08/2020 10:00         977        1360        2055        1280        1744        3669
15/08/2020 11:00        2727         976        1367        1367        1793        2111
15/08/2020 12:00        2507        2602        2599        2576        2676        3395
15/08/2020 13:00        2667        2982        3811        2684        3527        3814
15/08/2020 14:00        3740        3173        3561        3609        3663        3605
15/08/2020 15:00        3930        4017        3943        3856        3898        3753
15/08/2020 16:00        3530        3906        2286        2483        2222        2684
15/08/2020 17:00        3135        3299        2636        1914        3404        2881
15/08/2020 18:00        2066        1658        1392        1275         655         968
15/08/2020 19:00        1006         845         652         454         383         263
15/08/2020 20:00         227         184         156         127          76           5
15/08/2020 21:00           0           0           0           0           0           0
15/08/2020 22:00           0           0           0           0           0           0
15/08/2020 23:00           0           0           0           0           0           0
16/08/2020 00:00           0           0           0           0           0           0
16/08/2020 01:00           0           0           0           0           0           0
16/08/2020 02:00           0           0           0           0           0           0
16/08/2020 03:00           0           0           0           0           0           0
16/08/2020 04:00           0           0           0           0           0           0
16/08/2020 05:00           1           0           0           0           0           0
16/08/2020 06:00           0           0           0           0           0           0
16/08/2020 07:00          39         218         307         227         199         308
16/08/2020 08:00         327         311         272         292         300         269
16/08/2020 09:00         360         453         246         215         521         483
16/08/2020 10:00         351         208         161         330         327         314
16/08/2020 11:00         583        1144        1205        1557        2206        2307
16/08/2020 12:00        2784        2185        2906        1989        1339        1444
16/08/2020 13:00        2635        3441        3934        4108        4068        4112
16/08/2020 14:00        4066        3522        2647        3265        2573        2695
16/08/2020 15:00        1921        2760        3910        2431        2944        3636
16/08/2020 16:00        3116        3982        2469        3931        3827        2855
16/08/2020 17:00         804         702        1417        1115         795        2317
16/08/2020 18:00        2487        2480        2359        1762        1690        1666
16/08/2020 19:00        1240         863         536         434         220         162
16/08/2020 20:00          92          86          68          34           0           0
16/08/2020 21:00           0           0           0           0           0           0
16/08/2020 22:00           0           0           0           0           0           0
16/08/2020 23:00           0           0           0           0           0           0
17/08/2020 00:00           0           0           0           0           0           0
17/08/2020 01:00           0           0           0           0           0           0
17/08/2020 02:00           0           0           0           0           0           0
17/08/2020 03:00           0           0           0           0           0           0
17/08/2020 04:00           0           0           0           0           0           0
17/08/2020 05:00           0           0           0           0           0           0
17/08/2020 06:00           0           0           0           0           0           0
17/08/2020 07:00         227         331         345         286         283         165
17/08/2020 08:00         123         137         381         892        1160         861
17/08/2020 09:00         895        1059        1525        1528        1351        1886
17/08/2020 10:00        2889        2179        1586        1595        2559        3901
17/08/2020 11:00        3113        3929        3978        3807        2442        3500
17/08/2020 12:00        2790        2947        2119        3141        1913        3675
17/08/2020 13:00        2049        1723        3842        1832         827         727
17/08/2020 14:00         303         492         634         402         947        3277
17/08/2020 15:00        2420        2948        3387        1352         199        2452
17/08/2020 16:00        2460         784        1859        2570        4024        2450
17/08/2020 17:00        1863        2285        2370        2585        2305         659
17/08/2020 18:00        1383        1406        1634        1490        1433        1314
17/08/2020 19:00         441        1092         820         329         241         140
17/08/2020 20:00         129          79          45          30           0           0
17/08/2020 21:00           0           0           0           0           0           0
17/08/2020 22:00           0           0           0           0           0           0
17/08/2020 23:00           0           0           0           0           0           0
18/08/2020 00:00           0           0           0           0           0           0
18/08/2020 01:00           0           0           0           0           0           0
18/08/2020 02:00           0           0           0           0           0           0
18/08/2020 03:00           0           0           0           0           0           0
18/08/2020 04:00           0           0           0           0           0           0
18/08/2020 05:00           0           0           0           0           0           0
18/08/2020 06:00           0           0           0           0           0           0
18/08/2020 07:00           0           0           0         130         183         199
18/08/2020 08:00         248         342         441         568         410         505
18/08/2020 09:00         429        1044        1375        1600        1481        2054
18/08/2020 10:00        1357         624         678        2267        2333        3757
18/08/2020 11:00        3734        2252        2247        3096        2684        4021
18/08/2020 12:00        4046        3541        4175        5009        5584        5573
18/08/2020 13:00        5459        5723        5716        5523        5639        5711
18/08/2020 14:00        5710        5210        5572        2963        3014        3159
18/08/2020 15:00        3197        2999        2483        3573        4716        2985
18/08/2020 16:00        5642        2902        2406        3697        2614        2391
18/08/2020 17:00        1921        4372        4916        2240        3734        1999
18/08/2020 18:00        2823        2422        1801        1089        1034         578
18/08/2020 19:00         743        1173        1130         661         368         318
18/08/2020 20:00         281         212         106          17           0           0
18/08/2020 21:00           0           0           0           0           0           0
18/08/2020 22:00           0           0           0           0           0           0
18/08/2020 23:00           0           0           0           0           0           0
19/08/2020 00:00           0           0           0           0           0           0
19/08/2020 01:00           0           0           0           0           0           0
19/08/2020 02:00           0           0           0           0           0           0
19/08/2020 03:00           0           0           0           0           0           0
19/08/2020 04:00           0           0           0           0           0           0
19/08/2020 05:00           0           0           0           0           0           0
19/08/2020 06:00           0           0           0           0           0           0
19/08/2020 07:00           0           0           0          10          61          59
19/08/2020 08:00         244         302         432         614         609         811
19/08/2020 09:00        1165        1138        1440        1114         924         708
19/08/2020 10:00         796        1335        1562        1341        1611        2130
19/08/2020 11:00        2499        2056        2029        3447        3137        3136
19/08/2020 12:00        4033        4128        3669        4005        3654        3358
19/08/2020 13:00        4043        3968        3374        2791        2528        1989
19/08/2020 14:00        1904        1234         780         561        1495        2515
19/08/2020 15:00        2800        2987        2771        2475        1879        1858
19/08/2020 16:00        1197        1515        1657        1398        1442        1075
19/08/2020 17:00         773         874         581         522        1316        1330
19/08/2020 18:00         878         845        1049        1495         817         516
19/08/2020 19:00         988         855         263         343         190         199
19/08/2020 20:00         469         322          71           0           0           0
19/08/2020 21:00           0           0           0           0           0           0
19/08/2020 22:00           0           0           0           0           0           0
19/08/2020 23:00           0           0           0           0           0           0
20/08/2020 00:00           0           0           0           0           0           0
20/08/2020 01:00           0           0           0           0           0           0
20/08/2020 02:00           0           0           0           0           0           0
20/08/2020 03:00           0           0           0           0           0           0
20/08/2020 04:00           0           0           0           0           0           0
20/08/2020 05:00           0           0           0           0           0           0
20/08/2020 06:00           0           0           0           0           0           0
20/08/2020 07:00           0           0          29         425         684         812
20/08/2020 08:00         897         699         860        1141        1678        2331
20/08/2020 09:00        3341        3046        2046        1859        3138        4023
20/08/2020 10:00        3294        2684        2081        2378        1856        2143
20/08/2020 11:00        3083        2465        2516        2228        2589        3268
20/08/2020 12:00        3987        5085        4274        3958        4437        4559
20/08/2020 13:00        4040        4463        4439        4585        4771        4597
20/08/2020 14:00        4613        4279        4508        4356        4173        3690
20/08/2020 15:00        4312        3720        3937        3107        2472        2593
20/08/2020 16:00        2253        1227        1325        2824        2391        1505
20/08/2020 17:00        2104        1917        3063        2971        1695        1567
20/08/2020 18:00        1089         905        1178        1169         864         406
20/08/2020 19:00         502         605         572         447         347         289
20/08/2020 20:00         189          92           2           0           0           0
20/08/2020 21:00           0           0           0           0           0           0
20/08/2020 22:00           0           0           0           0           0           0
20/08/2020 23:00           0           0           0           0           0           0
21/08/2020 00:00           0           0           0           0           0           0
21/08/2020 01:00           0           0           0           0           0           0
21/08/2020 02:00           0           0           0           0           0           0
21/08/2020 03:00           0           0           0           0           0           0
21/08/2020 04:00           0           0           0           0           0           0
21/08/2020 05:00           0           0           0           0           0           0
21/08/2020 06:00           0           0           0           0           0           0
21/08/2020 07:00           0           0           0           0         157         275
21/08/2020 08:00         289         390         400         697         894        1758
21/08/2020 09:00        1757        2788        2046        2243        2795        2067
21/08/2020 10:00        2522        3899        4133        3548        4724        4612
21/08/2020 11:00        4215        4641        2638        2253        2744        2725
21/08/2020 12:00        4041        4411        4332        4178        4165        4212
21/08/2020 13:00        4107        4402        4642        4552        4582        4572
21/08/2020 14:00        4663        4664        4666        4345        4650        4658
21/08/2020 15:00        4658        4602        4390        3874        4325        4199
21/08/2020 16:00        2801        2969        2399        2039        2223        1793
21/08/2020 17:00        1171        2007        1606         787        1252        2201
21/08/2020 18:00         990        1283        1004        1486        1194        1203
21/08/2020 19:00         998         790         595         424         364         260
21/08/2020 20:00         203         137          81          21           0           0
21/08/2020 21:00           0           0           0           0           0           0
21/08/2020 22:00           0           0           0           0           0           0
21/08/2020 23:00           0           0           0           0           0           0
22/08/2020 00:00           0           0           0           0           0           0
22/08/2020 01:00           0           0           0           0           0           0
22/08/2020 02:00           0           0           0           0           0           0
22/08/2020 03:00           0           0           0           0           0           0
22/08/2020 04:00           0           0           0           0           0           0
22/08/2020 05:00           0           0           0           0           0           0
22/08/2020 06:00           0           0           0           0           0           0
22/08/2020 07:00           0           0          13         174         287         582
22/08/2020 08:00         459         584        1065        1284         989        1289
22/08/2020 09:00        1873        2016        2316        2205        2569        1619
22/08/2020 10:00        1194         967        1812        1855        1143        2541
22/08/2020 11:00        3840        1756        2130        1845        1533        2113
22/08/2020 12:00        2748        2238        1473        3129        2494        3354
22/08/2020 13:00        1778        1133        3253        2388        1650        2044
22/08/2020 14:00        2077        3286        3337        2585        3585        3596
22/08/2020 15:00        3658        2106        3585        3251        2770        3254
22/08/2020 16:00        2917        2591        1579        1728        3535        1426
22/08/2020 17:00        3045        1721        1481        1220         789         201
22/08/2020 18:00          88          40         123         848         782         652
22/08/2020 19:00         698         636         474         493         309         149
22/08/2020 20:00          83          56          25           0           0           0
22/08/2020 21:00           0           0           0           0           0           0
22/08/2020 22:00           0           0           0           0           0           0
22/08/2020 23:00           0           0           0           0           0           0
23/08/2020 00:00           0           0           0           0           0           0
23/08/2020 01:00           0           0           0           0           0           0
23/08/2020 02:00           0           0           0           0           0           0
23/08/2020 03:00           0           0           0           0           0           0
23/08/2020 04:00           0           0           0           0           0           0
23/08/2020 05:00           0           0           0           0           0           0
23/08/2020 06:00           0           0           0           0           0           0
23/08/2020 07:00           0           0          18         179         271         390
23/08/2020 08:00         565         716         926        1127        1344        1565
23/08/2020 09:00        1721        1931        1723        1330        1309        1613
23/08/2020 10:00        2074        1805        1797        2048        1905        2452
23/08/2020 11:00        1924        2687        3563        3119        3660        3393
23/08/2020 12:00        2716        3517        2030        1800        2717        1791
23/08/2020 13:00        2782        1406        2866        1978        1449        1748
23/08/2020 14:00        3115        2630        2032         925         716         979
23/08/2020 15:00        1238         803         487        1180        1724        1395
23/08/2020 16:00        1532        1802        2230        2031        2417        2391
23/08/2020 17:00        2016        2454        2187        2058        1217         902
23/08/2020 18:00        1620        1249        1466         752         616         472
23/08/2020 19:00         484         356         346         291         156         213
23/08/2020 20:00         226         145         144          42           0           0
23/08/2020 21:00           0           0           0           0           0           0
23/08/2020 22:00           0           0           0           0           0           0
23/08/2020 23:00           0           0           0           0           0           0
24/08/2020 00:00           0           0           0           0           0           0
24/08/2020 01:00           0           0           0           0           0           0
24/08/2020 02:00           0           0           0           0           0           0
24/08/2020 03:00           0           0           0           0           0           0
24/08/2020 04:00           0           0           0           0           0           0
24/08/2020 05:00           0           0           0           0           0           0
24/08/2020 06:00           0           0           0           0           0           0
24/08/2020 07:00           0           0          39          77         345         601
24/08/2020 08:00         818         743         801         818        1317        1086
24/08/2020 09:00        1915        2279        1963         984        1684        1986
24/08/2020 10:00        1746        2616        2570        2480        1895        1522
24/08/2020 11:00        1664        1662        1774        2131        2374        2474
24/08/2020 12:00        3168        2169        2778        2820        3088        3160
24/08/2020 13:00        3436        2733        3015        1680        1691        1113
24/08/2020 14:00         871        1728        1257        1212        1810        3212
24/08/2020 15:00        2853        1719        2119        2160        1976        1646
24/08/2020 16:00        2449        2986        1666        1604        1740        1404
24/08/2020 17:00        1069        1023         807         715         905         816
24/08/2020 18:00         636         618         617         479         457         475
24/08/2020 19:00         314         304         240         315         328         278
24/08/2020 20:00         142          81          15           0           0           0
24/08/2020 21:00           0           0           0           0           0           0
24/08/2020 22:00           0           0           0           0           0           0
24/08/2020 23:00           0           0           0           0           0           0
25/08/2020 00:00           0           0           0           0           0           0
25/08/2020 01:00           0           0           0           0           0           0
25/08/2020 02:00           0           0           0           0           0           0
25/08/2020 03:00           0           0           0           0           0           0
25/08/2020 04:00           0           0           0           0           0           0
25/08/2020 05:00           0           0           0           0           0           0
25/08/2020 06:00           0           0           0           0           0           0
25/08/2020 07:00           0           0           0           0           0           0
25/08/2020 08:00           0           0           0          20         293         425
25/08/2020 09:00         442         303         541         636         863         537
25/08/2020 10:00         598         831         914        1427        1520        1355
25/08/2020 11:00        2274        1524        2218        2045        1731        1959
25/08/2020 12:00        2069        1579        1248        1024        1675        2685
25/08/2020 13:00        3438        2526        3159        3456        4472        4556
25/08/2020 14:00        4390        4175        4940        4500        4200        4532
25/08/2020 15:00        3258        3708        2920        2429        3347        3148
25/08/2020 16:00        3148        2297        2684        3067        2397        1794
25/08/2020 17:00        1277        1463        1780        2232        1923        1672
25/08/2020 18:00        1298        2254        1780        1888        1563         710
25/08/2020 19:00        1110         691         763         650         267         163
25/08/2020 20:00         103          41           8           0           0           0
25/08/2020 21:00           0           0           0           0           0           0
25/08/2020 22:00           0           0           0           0           0           0
25/08/2020 23:00           0           0           0           0           0           0
26/08/2020 00:00           0           0           0           0           0           0
26/08/2020 01:00           0           0           0           0           0           0
26/08/2020 02:00           0           0           0           0           0           0
26/08/2020 03:00           0           0           0           0           0           0
26/08/2020 04:00           0           0           0           0           0           0
26/08/2020 05:00           0           0           0           0           0           0
26/08/2020 06:00           0           0           0           0           0           0
26/08/2020 07:00           0           0         143         194         243         355
26/08/2020 08:00         717         784        1232         685         967        1112
26/08/2020 09:00        1137        1146        1466        1987        1520        2943
26/08/2020 10:00        3774        3751        3690        3576        3418        4362
26/08/2020 11:00        4465        3051        4469        3142        3408        3120
26/08/2020 12:00        4651        4203        3942        4515        4407        4965
26/08/2020 13:00        4019        4858        4414        4575        4757        4941
26/08/2020 14:00        4847        4660        4797        4897        4797        4587
26/08/2020 15:00        4545        4615        4615        4437        4468        4822
26/08/2020 16:00        4747        4677        4547        4546        4452        4036
26/08/2020 17:00        4182        4022        3673        3216        2853        2528
26/08/2020 18:00        2325        1898        1916        1786        1426        1438
26/08/2020 19:00         949        1022         844         581         445         324
26/08/2020 20:00         247         200         149          17           0           0
26/08/2020 21:00           0           0           0           0           0           0
26/08/2020 22:00           0           0           0           0           0           0
26/08/2020 23:00           0           0           0           0           0           0
27/08/2020 00:00           0           0           0           0           0           0
27/08/2020 01:00           0           0           0           0           0           0
27/08/2020 02:00           0           0           0           0           0           0
27/08/2020 03:00           0           0           0           0           0           0
27/08/2020 04:00           0           0           0           0           0           0
27/08/2020 05:00           0           0           0           0           0           0
27/08/2020 06:00           0           0           0           0           0           0
27/08/2020 07:00           0           0           0           0          77         177
27/08/2020 08:00         181         209         231         339         455         743
27/08/2020 09:00        1058         940         611        1175        1479        1406
27/08/2020 10:00        1383        1484        1872        2598        3078        3845
27/08/2020 11:00        4408        4444        4372        3798        3458        4305
27/08/2020 12:00        3998        4522        4362        3564        4147        3544
27/08/2020 13:00        4837        4123        3789        3797        2001        3806
27/08/2020 14:00        3398        4936        4637        4491        4148        4724
27/08/2020 15:00        4576        4739        4722        4628        4617        4447
27/08/2020 16:00        4511        4524        3054        2338        3911        4272
27/08/2020 17:00        2596        1890        2050        2035        1055        1606
27/08/2020 18:00         914         877         595         608         522         341
27/08/2020 19:00         207         195         278          70           0           0
27/08/2020 20:00           0           0           0           0           0           0
27/08/2020 21:00           0           0           0           0           0           0
27/08/2020 22:00           0           0           0           0           0           0
27/08/2020 23:00           0           0           0           0           0           1
28/08/2020 00:00           0           0           0           0           0           0
28/08/2020 01:00           0           0           0           0           0           0
28/08/2020 02:00           0           0           0           0           0           0
28/08/2020 03:00           0           0           0           0           0           0
28/08/2020 04:00           0           0           0           0           0           0
28/08/2020 05:00           0           0           0           0           0           0
28/08/2020 06:00           0           0           0           0           0           0
28/08/2020 07:00           0           0           0          12         187         327
28/08/2020 08:00         361         426         462         518         564         621
28/08/2020 09:00         755         981        1209        1317        1218        1058
28/08/2020 10:00         660        1138        1533        1509         767         882
28/08/2020 11:00        1414         961         998        1265        1668        2403
28/08/2020 12:00        2088        3081        2018        2292        1922        3188
28/08/2020 13:00        1787        1617        1921        2836        3916        3481
28/08/2020 14:00        3621        3708        2527         917        3332        4742
28/08/2020 15:00        5221        5188        4594        5016        5082        5229
28/08/2020 16:00        2157         798         853        3928        4009        2965
28/08/2020 17:00        4760        2424        2767        1596        2303        2145
28/08/2020 18:00        2589         976         576         682         279           3
28/08/2020 19:00          40         783         679         505         284         201
28/08/2020 20:00         123          22           0           0           0           0
28/08/2020 21:00           0           0           0           0           0           0
28/08/2020 22:00           0           0           0           0           0           0
28/08/2020 23:00           0           0           0           0           0           0
29/08/2020 00:00           0           0           0           0           0           0
29/08/2020 01:00           0           0           0           0           0           0
29/08/2020 02:00           0           0           0           0           0           0
29/08/2020 03:00           0           0           0           0           0           0
29/08/2020 04:00           0           0           0           0           0           0
29/08/2020 05:00           0           0           0           0           0           0
29/08/2020 06:00           0           0           0           0           0           0
29/08/2020 07:00           0           0          38          77         134         495
29/08/2020 08:00         928         933        1462         922         996        1332
29/08/2020 09:00        1834        1170        2677        1612        1413        1580
29/08/2020 10:00        1515        1777        2539        3016        2580        2098
29/08/2020 11:00        4928        3023        1313        3275        2557        4272
29/08/2020 12:00        4763        2298        1399        1252        1161         825
29/08/2020 13:00        1230        1739        3731        2622        1778        2299
29/08/2020 14:00        4889        1857         843        4037        5147        3998
29/08/2020 15:00        4051        1885        3071        3606        1615        2235
29/08/2020 16:00        3588        3546         995        1485        1191         662
29/08/2020 17:00        1206        1567        1033         850         669         922
29/08/2020 18:00         814        1183        1203        1099         656         688
29/08/2020 19:00         278         385         275          98          34          21
29/08/2020 20:00           0           0           0           0           0           0
29/08/2020 21:00           0           0           0           0           0           0
29/08/2020 22:00           0           0           0           0           0           0
29/08/2020 23:00           0           0           0           0           0           0
30/08/2020 00:00           0           0           0           0           0           0
30/08/2020 01:00           0           0           0           0           0           0
30/08/2020 02:00           0           0           0           0           0           0
30/08/2020 03:00           0           0           0           0           0           0
30/08/2020 04:00           0           0           0           0           0           0
30/08/2020 05:00           0           0           0           0           0           0
30/08/2020 06:00           0           0           0           0           0           0
30/08/2020 07:00           0           9         395         207           0          23
30/08/2020 08:00         162         235         446         505         462         348
30/08/2020 09:00         406         583         457         721         578         501
30/08/2020 10:00         761        1375        1302         779         993        1907
30/08/2020 11:00        2318        1420         767         467        1429        3187
30/08/2020 12:00        1764        2456        4585        4869        3553        4088
30/08/2020 13:00        4895        3091        4191        4200        5103        5397
30/08/2020 14:00        4978        3644        4294        4731        3485        4452
30/08/2020 15:00        5376        5360        4314        5477        3943        4562
30/08/2020 16:00        3560        5386        2039        3022        3224        4930
30/08/2020 17:00        4812        4395        2954        1328        3872        1825
30/08/2020 18:00         772         349         674        1924        1379         651
30/08/2020 19:00         206          46          43          27           0           0
30/08/2020 20:00           0           0           0           0           0           0
30/08/2020 21:00           0           0           0           0           0           0
30/08/2020 22:00           0           0           0           0           0           0
30/08/2020 23:00           0           0           0           0           0           0
31/08/2020 00:00           0           0           0           0           0           0
31/08/2020 01:00           0           0           0           0           0           0
31/08/2020 02:00           0           0           0           0           0           0
31/08/2020 03:00           0           0           0           0           0           0
31/08/2020 04:00           0           0           0           0           0           0
31/08/2020 05:00           0           0           0           0           0           0
31/08/2020 06:00           0           0           0           0           0           0
31/08/2020 07:00           0           0         102         258         415         597
31/08/2020 08:00         829        1106        1403        1632        1925        2281
31/08/2020 09:00        2458        2183        2580        2806        3091        3764
31/08/2020 10:00        4196        3700        4568        4844        3431        3921
31/08/2020 11:00        4838        5330        5035        3045        1616        2781
31/08/2020 12:00        3522        2482        2152        3478        1447        2008
31/08/2020 13:00        3049        3611        3257        4863        5275        3931
31/08/2020 14:00        2382        2380        4439        3307        3989        5490
31/08/2020 15:00        4148        1588        1646        1990        2244        1990
31/08/2020 16:00        3313        4629        5077        4173        4546        1823
31/08/2020 17:00        1003        2473         842         701         910        1095
31/08/2020 18:00        1074         915         828         723         622         471
31/08/2020 19:00         411         373         305         273         213         128
31/08/2020 20:00          20           0           0           0           0           0
31/08/2020 21:00           0           0           0           0           0           0
31/08/2020 22:00           0           0           0           0           0           0
31/08/2020 23:00           0           0           0           0           0           0
01/09/2020 00:00           0           0           0           0           0           0
01/09/2020 01:00           0           0           0           0           0           0
