01/03/2021 02:00           0           0           0           0           0           0
01/03/2021 03:00           0           0           0           0           0           0
01/03/2021 04:00           0           0           0           0           0           0
01/03/2021 05:00           0           0           0           0           0           0
01/03/2021 06:00           0           0           0           0           0           0
01/03/2021 07:00           0           0           0           0           2         185
01/03/2021 08:00         413         676         942        1221        1521        1848
01/03/2021 09:00        2169        2503        2823        3138        3444        3741
01/03/2021 10:00        4011        4279        4529        4744        4942        5112
01/03/2021 11:00        5296        5422        5510        5518        5587        5577
01/03/2021 12:00        5517        5629        5562        5598        5579        5574
01/03/2021 13:00        5501        5604        5605        5575        5590        5547
01/03/2021 14:00        5485        5493        5420        5300        5142        4948
01/03/2021 15:00        4749        4544        4314        4066        3798        3541
01/03/2021 16:00        3244        2953        2633        2284        1957        1633
01/03/2021 17:00        1302        1005         706         458         275         189
01/03/2021 18:00         142          30           0           0           0           0
01/03/2021 19:00           0           0           0           0           0           0
01/03/2021 20:00           0           0           0           0           0           0
01/03/2021 21:00           0           0           0           0           0           0
01/03/2021 22:00           0           0           0           0           0           0
01/03/2021 23:00           0           0           0           0           0           0
02/03/2021 00:00           0           0           0           0           0           0
02/03/2021 01:00           0           0           0           0           0           0
02/03/2021 02:00           0           0           0           0           0           0
02/03/2021 03:00           0           0           0           0           0           0
02/03/2021 04:00           0           0           0           0           0           0
02/03/2021 05:00           0           0           0           0           0           0
02/03/2021 06:00           0           0           0           0           0           0
02/03/2021 07:00           0           0           0           1           8         224
02/03/2021 08:00         399         635         893        1158        1423        1716
02/03/2021 09:00        1979        2292        2588        2850        3106        3365
02/03/2021 10:00        3595        3841        4067        4237        4406        4560
02/03/2021 11:00        4724        4863        4880        5007        5016        5184
02/03/2021 12:00        5247        5288        5323        5341        5401        5321
02/03/2021 13:00        5289        5287        5256        5220        5154        5110
02/03/2021 14:00        5024        4898        4748        4641        4477        4287
02/03/2021 15:00        3303        1492        1425        3461        3780        3098
02/03/2021 16:00        2666        2380        2184        1942        1674        1396
02/03/2021 17:00        1140         799         634         468         289         228
02/03/2021 18:00         150          10           0           0           0           0
02/03/2021 19:00           0           0           0           0           0           0
02/03/2021 20:00           0           0           0           0           0           0
02/03/2021 21:00           0           0           0           0           0           0
02/03/2021 22:00           0           0           0           0           0           0
02/03/2021 23:00           0           0           0           0           0           0
03/03/2021 00:00           0           0           0           0           0           0
03/03/2021 01:00           0           0           0           0           0           0
03/03/2021 02:00           0           0           0           0           0           0
03/03/2021 03:00           0           0           0           0           0           0
03/03/2021 04:00           0           0           0           0           0           0
03/03/2021 05:00           0           0           0           0           0           0
03/03/2021 06:00           0           0           0           0           0           0
03/03/2021 07:00           0           0           0           0           0           1
03/03/2021 08:00         106         252         379         575         800        1112
03/03/2021 09:00        1377        1822        2067        2346        2712        3001
03/03/2021 10:00        3333        3280        3499        3931        4162        3987
03/03/2021 11:00        3571        4465        4735        4936        4761        4442
03/03/2021 12:00        5147        3171        3683        4672        5361        5256
03/03/2021 13:00        5139        5356        5286        5059        4918        4855
03/03/2021 14:00        4915        4872        4680        4518        4032        1746
03/03/2021 15:00        1291        2564        2646        3976        2806        1661
03/03/2021 16:00        1318        1029        1066         820         540         403
03/03/2021 17:00         670         584         455         370         283         242
03/03/2021 18:00         149           6           0           0           0           0
03/03/2021 19:00           0           0           0           0           0           0
03/03/2021 20:00           0           0           0           0           0           0
03/03/2021 21:00           0           0           0           0           0           0
03/03/2021 22:00           0           0           0           0           0           0
03/03/2021 23:00           0           0           0           0           0           0
04/03/2021 00:00           0           0           0           0           0           0
04/03/2021 01:00           0           0           0           0           0           0
04/03/2021 02:00           0           0           0           0           0           0
04/03/2021 03:00           0           0           0           0           0           0
04/03/2021 04:00           0           0           0           0           0           0
04/03/2021 05:00           0           0           0           0           0           0
04/03/2021 06:00           0           0           0           0           0           0
04/03/2021 07:00           0           0           0           0           0           2
04/03/2021 08:00          66         217         347         455         536         589
04/03/2021 09:00         780         915        1032        1144        1256        1243
04/03/2021 10:00        1241        1254        1348        4296        4092        2769
04/03/2021 11:00        3049        4097        2641        2161        2304         505
04/03/2021 12:00        1003        1312        1667        2255        2826        2272
04/03/2021 13:00        2142        1817        1709        1345         652        1413
04/03/2021 14:00        1564        1527        1530        1717        1716        1371
04/03/2021 15:00         879         612         710         784         609         381
04/03/2021 16:00         322         382         368         549         531         447
04/03/2021 17:00         510         234           0           0           0           0
04/03/2021 18:00           0           0           0           0           0           0
04/03/2021 19:00           0           0           0           0           0           0
04/03/2021 20:00           0           0           0           0           0           0
04/03/2021 21:00           0           0           0           0           0           0
04/03/2021 22:00           0           0           0           0           0           0
04/03/2021 23:00           0           0           0           0           0           0
05/03/2021 00:00           0           0           0           0           0           0
05/03/2021 01:00           0           0           0           0           0           0
05/03/2021 02:00           0           0           0           0           0           0
05/03/2021 03:00           0           0           0           0           0           0
05/03/2021 04:00           0           0           0           0           0           0
05/03/2021 05:00           0           0           0           0           0           0
05/03/2021 06:00           0           0           0           0           0           0
05/03/2021 07:00           0           0           0           0           0           0
05/03/2021 08:00           1          10         147         196         237         287
05/03/2021 09:00         291         279         282         315         319         316
05/03/2021 10:00         374         495         776        1013        1124        1053
05/03/2021 11:00         847        1306        1463        1882        2104        1850
05/03/2021 12:00        3928        2431        2435        2745        2456        1861
05/03/2021 13:00        1840        1791        1320        1833        2018        1656
05/03/2021 14:00        1384        1675        1891        1503        2653        4219
05/03/2021 15:00        2365        1412        1595        1261        1248         869
05/03/2021 16:00         973         965         981         715         625         558
05/03/2021 17:00         625         667         559         387         237         143
05/03/2021 18:00          45          22           0           0           0           0
05/03/2021 19:00           0           0           0           0           0           0
05/03/2021 20:00           0           0           0           0           0           0
05/03/2021 21:00           0           0           0           0           0           0
05/03/2021 22:00           0           0           0           0           0           0
05/03/2021 23:00           0           0           0           0           0           0
06/03/2021 00:00           0           0           0           0           0           0
06/03/2021 01:00           0           0           0           0           0           0
06/03/2021 02:00           0           0           0           0           0           0
06/03/2021 03:00           0           0           0           0           0           0
06/03/2021 04:00           0           0           0           0           0           0
06/03/2021 05:00           0           0           0           0           0           0
06/03/2021 06:00           0           0           0           0           0           0
06/03/2021 07:00           0           0           1           1         197         434
06/03/2021 08:00         727        1036        1355        1667        1991        2361
06/03/2021 09:00        2711        3044        3379        3699        3997        4272
06/03/2021 10:00        4544        4813        5055        5277        5434        5542
06/03/2021 11:00        5523        5622        5611        5615        5584        5606
06/03/2021 12:00        5588        5606        5632        5635        5584        5623
06/03/2021 13:00        5613        5604        5549        5572        5569        5575
06/03/2021 14:00        5595        5570        5584        5559        5421        5426
06/03/2021 15:00        5274        5033        4798        4541        4283        3998
06/03/2021 16:00        3680        3398        3103        2741        2390        2054
06/03/2021 17:00        1699        1338        1001         695         439         250
06/03/2021 18:00         153          59           0           0           0           0
06/03/2021 19:00           0           0           0           0           0           0
06/03/2021 20:00           0           0           0           0           0           0
06/03/2021 21:00           0           0           0           0           0           0
06/03/2021 22:00           0           0           0           0           0           0
06/03/2021 23:00           0           0           0           0           0           0
07/03/2021 00:00           0           0           0           0           0           0
07/03/2021 01:00           0           0           0           0           0           0
07/03/2021 02:00           0           0           0           0           0           0
07/03/2021 03:00           0           0           0           0           0           0
07/03/2021 04:00           0           0           0           0           0           0
07/03/2021 05:00           0           0           0           0           0           0
07/03/2021 06:00           0           0           0           0           0           0
07/03/2021 07:00           0           0           0           5         245         503
07/03/2021 08:00         810        1122        1446        1767        2089        2403
07/03/2021 09:00        2724        3036        3360        3658        3944        4220
07/03/2021 10:00        4480        4727        4932        5142        5235        5474
07/03/2021 11:00        5564        5603        5617        5608        5582        5589
07/03/2021 12:00        5582        5593        5591        5585        5591        5591
07/03/2021 13:00        5583        5573        5496        5574        5625        5596
07/03/2021 14:00        5600        5583        5597        5570        5453        5300
07/03/2021 15:00        5089        4876        4671        4406        4151        3884
07/03/2021 16:00        3568        3280        3001        2699        2364        2017
07/03/2021 17:00        1677        1350        1030         726         477         289
07/03/2021 18:00         198         143          40           0           0           0
07/03/2021 19:00           0           0           0           0           0           0
07/03/2021 20:00           0           0           0           0           0           0
07/03/2021 21:00           0           0           0           0           0           0
07/03/2021 22:00           0           0           0           0           0           0
07/03/2021 23:00           0           0           0           0           0           0
08/03/2021 00:00           0           0           0           0           0           0
08/03/2021 01:00           0           0           0           0           0           0
08/03/2021 02:00           0           0           0           0           0           0
08/03/2021 03:00           0           0           0           0           0           0
08/03/2021 04:00           0           0           0           0           0           0
08/03/2021 05:00           0           0           0           0           0           0
08/03/2021 06:00           0           0           0           0           0           0
08/03/2021 07:00           0           0           1           9         254         432
08/03/2021 08:00         647         884        1163        1463        1787        2121
08/03/2021 09:00        2439        2794        3049        3113        3211        3677
08/03/2021 10:00        3965        3983        4144        4009        4758        4558
08/03/2021 11:00        4604        5200        5418        5513        5488        5510
08/03/2021 12:00        5382        5496        5500        5467        5508        5510
08/03/2021 13:00        5527        5534        5510        5523        5451        5500
08/03/2021 14:00        5516        5476        5441        5380        5222        5097
08/03/2021 15:00        4897        4731        4459        4207        3973        3712
08/03/2021 16:00        3448        3146        2847        2566        2211        1873
08/03/2021 17:00        1574        1310        1051         781         544         377
08/03/2021 18:00         269         191          82           1           0           0
08/03/2021 19:00           0           0           0           0           0           0
08/03/2021 20:00           0           0           0           0           0           0
08/03/2021 21:00           0           0           0           0           0           0
08/03/2021 22:00           0           0           0           0           0           0
08/03/2021 23:00           0           0           0           0           0           0
09/03/2021 00:00           0           0           0           0           0           0
09/03/2021 01:00           0           0           0           0           0           0
09/03/2021 02:00           0           0           0           0           0           0
09/03/2021 03:00           0           0           0           0           0           0
09/03/2021 04:00           0           0           0           0           0           0
09/03/2021 05:00           0           0           0           0           0           0
09/03/2021 06:00           0           0           0           0           0           0
09/03/2021 07:00           0           0           0           0           1           1
09/03/2021 08:00         120         293         484         824        1803        2164
09/03/2021 09:00        2333        2387        3153        3165        3488        3736
09/03/2021 10:00        4015        4293        4780        4985        3668        5113
09/03/2021 11:00        3651        3447        2938        4234        4065        2393
09/03/2021 12:00        3251        4911        3222        2846        4691        5390
09/03/2021 13:00        5254        5446        5230        5450        5428        3979
09/03/2021 14:00        3373        2732        2598        3128        2763        2946
09/03/2021 15:00        1843        3299        3103        3963        2551        2378
09/03/2021 16:00        1578        1813        1760        1416        1456        1635
09/03/2021 17:00        1521         887        1293         809         520         355
09/03/2021 18:00         222         175          86           0           0           0
09/03/2021 19:00           0           0           0           0           0           0
09/03/2021 20:00           0           0           0           0           0           0
09/03/2021 21:00           0           0           0           0           0           0
09/03/2021 22:00           0           0           0           0           0           0
09/03/2021 23:00           0           0           0           0           0           0
10/03/2021 00:00           0           0           0           0           0           0
10/03/2021 01:00           0           0           0           0           0           0
10/03/2021 02:00           0           0           0           0           0           0
10/03/2021 03:00           0           0           0           0           0           0
10/03/2021 04:00           0           0           0           0           0           0
10/03/2021 05:00           0           0           0           0           0           0
10/03/2021 06:00           0           0           0           0           0           0
10/03/2021 07:00           0           0           0           1         157         258
10/03/2021 08:00         329         426         590         741         927        1149
10/03/2021 09:00        1554        1916        2520        2748        3267        3668
10/03/2021 10:00        3743        3951        3729        3317        2942        2903
10/03/2021 11:00        4838        3303        2721        2565        2652        3914
10/03/2021 12:00        5306        5236        4658        4458        3682        3447
10/03/2021 13:00        3857        3625        4107        3787        4895        5121
10/03/2021 14:00        3427        2552        2231        2361        2151        1768
10/03/2021 15:00        1496        1359        1049        1102        1458        1266
10/03/2021 16:00        1017         839         605         511         457         380
10/03/2021 17:00         285         227         207         153         113          31
10/03/2021 18:00           0           0           0           0           0           0
10/03/2021 19:00           0           0           0           0           0           0
10/03/2021 20:00           0           0           0           0           0           0
10/03/2021 21:00           0           0           0           0           0           0
10/03/2021 22:00           0           0           0           0           0           0
10/03/2021 23:00           0           0           0           0           0           0
11/03/2021 00:00           0           0           0           0           0           0
11/03/2021 01:00           0           0           0           0           0           0
11/03/2021 02:00           0           0           0           0           0           0
11/03/2021 03:00           0           0           0           0           0           0
11/03/2021 04:00           0           0           0           0           0           0
11/03/2021 05:00           0           0           0           0           0           0
11/03/2021 06:00           0           0           0           0           0           0
11/03/2021 07:00           0           0           0           0           0           0
11/03/2021 08:00           0          28           0          53          81         149
11/03/2021 09:00         152         326         595        1149        2645        4352
11/03/2021 10:00        4556        4792        4914        5141        5412        4370
11/03/2021 11:00        3672        1756        2643        3471        2533        2908
11/03/2021 12:00        3406        3064        3605        4246        4311        4565
11/03/2021 13:00        4566        5173        1988        1170        1113        1066
11/03/2021 14:00        1070         288         279         951        2506        3663
11/03/2021 15:00        1621         991         363        1576        1979        4089
11/03/2021 16:00        3127         930         922        1006         174         156
11/03/2021 17:00         156         557         511         681         425         324
11/03/2021 18:00         279         173         125           0           0           0
11/03/2021 19:00           0           0           0           0           0           0
11/03/2021 20:00           0           0           0           0           0           0
11/03/2021 21:00           0           0           0           0           0           0
11/03/2021 22:00           0           0           0           0           0           0
11/03/2021 23:00           0           0           0           0           0           0
12/03/2021 00:00           0           0           0           0           0           0
12/03/2021 01:00           0           0           0           0           0           0
12/03/2021 02:00           0           0           0           0           0           0
12/03/2021 03:00           0           0           0           0           0           0
12/03/2021 04:00           0           0           0           0           0           0
12/03/2021 05:00           0           0           0           0           0           0
12/03/2021 06:00           0           0           0           0           0           0
12/03/2021 07:00           0           0          15         239         434         617
12/03/2021 08:00         863        1122        1383        1753        1904        2262
12/03/2021 09:00        2548        2944        3227        3425        3763        4170
12/03/2021 10:00        3777        3594        2813        3529        3722        3790
12/03/2021 11:00        2412        2679        3133        3399        3935        2970
12/03/2021 12:00        2848        2246        1992        2812        1439        1614
12/03/2021 13:00        1743        2415        2893        1995        1426        3751
12/03/2021 14:00        4931        3028        1428        1528        2786        2261
12/03/2021 15:00        1738        1694        2170        2660        1856         853
12/03/2021 16:00          86           0           8         429         748         875
12/03/2021 17:00         847        1139         961         708         661         570
12/03/2021 18:00         351         215          87           0           0           0
12/03/2021 19:00           0           0           0           0           0           0
12/03/2021 20:00           0           0           0           0           0           0
12/03/2021 21:00           0           0           0           0           0           0
12/03/2021 22:00           0           0           0           0           0           0
12/03/2021 23:00           0           0           0           0           0           0
13/03/2021 00:00           0           0           0           0           0           0
13/03/2021 01:00           0           0           0           0           0           0
13/03/2021 02:00           0           0           0           0           0           0
13/03/2021 03:00           0           0           0           0           0           0
13/03/2021 04:00           0           0           0           0           0           0
13/03/2021 05:00           0           0           0           0           0           0
13/03/2021 06:00           0           0           0           0           0           0
13/03/2021 07:00           0           0           0           0           0           0
13/03/2021 08:00           0          23          50         174         229         247
13/03/2021 09:00         376         360         563         782         998         980
13/03/2021 10:00        1023        1160         581         358        3368        5524
13/03/2021 11:00        5631        5333        3243        2138        2135        2532
13/03/2021 12:00        1697        5270        4173        3317        1608        1719
13/03/2021 13:00        5345        5589        3505        1308        1774        1053
13/03/2021 14:00         959        1266        2174        1165        3456        4543
13/03/2021 15:00        4170        1852         913         550         231         776
13/03/2021 16:00        1711        1575        1086         858         854         774
13/03/2021 17:00        1003         294           1           2         275         338
13/03/2021 18:00         115           0           0           0           0           0
13/03/2021 19:00           0           0           0           0           0           0
13/03/2021 20:00           0           0           0           0           0           0
13/03/2021 21:00           0           0           0           0           0           0
13/03/2021 22:00           0           0           0           0           0           0
13/03/2021 23:00           0           0           0           0           0           0
14/03/2021 00:00           0           0           0           0           0           0
14/03/2021 01:00           0           0           0           0           0           0
14/03/2021 02:00           0           0           0           0           0           0
14/03/2021 03:00           0           0           0           0           0           0
14/03/2021 04:00           0           0           0           0           0           0
14/03/2021 05:00           0           0           0           0           0           0
14/03/2021 06:00           0           0           0           0           0           0
14/03/2021 07:00           0           0           0           0           1          60
14/03/2021 08:00         314         311         828        1319         893         901
14/03/2021 09:00         986        1270        1559        1876        2905        2665
14/03/2021 10:00        3502        3743        1926        1443        2385        2558
14/03/2021 11:00        2168        2019        3495        3331        3851        2934
14/03/2021 12:00        3301        5288        2287        3500        4182        2407
14/03/2021 13:00        4656        2592        2284        2801        4815        3393
14/03/2021 14:00        2902        3629        2005        1526        1943        1099
14/03/2021 15:00        1091        2690        2512        2190        1629        1557
14/03/2021 16:00        1083        1353        2029        1815        1030         746
14/03/2021 17:00         262         181         311         779         469         466
14/03/2021 18:00         558         433         284         114           5           0
14/03/2021 19:00           0           0           0           0           0           0
14/03/2021 20:00           0           0           0           0           0           0
14/03/2021 21:00           0           0           0           0           0           0
14/03/2021 22:00           0           0           0           0           0           0
14/03/2021 23:00           0           0           0           0           0           0
15/03/2021 00:00           0           0           0           0           0           0
15/03/2021 01:00           0           0           0           0           0           0
15/03/2021 02:00           0           0           0           0           0           0
15/03/2021 03:00           0           0           0           0           0           0
15/03/2021 04:00           0           0           0           0           0           0
15/03/2021 05:00           0           0           0           0           0           0
15/03/2021 06:00           0           0           0           0           0           0
15/03/2021 07:00           0           0           0         119         313         187
15/03/2021 08:00         314         353         477         583         507         675
15/03/2021 09:00         760         783        1173        1542        1674        1839
15/03/2021 10:00        2813        2908        5173        4596        2293         531
15/03/2021 11:00        4109        4321        3883        3332        1312        1206
15/03/2021 12:00        2443        1556        2200        1627        1718        1612
15/03/2021 13:00        3423        2000        1946        1998        2323        3372
15/03/2021 14:00        2688        2209        3102        5092        5198        4457
15/03/2021 15:00        3756        2828        3562        2748        1691         883
15/03/2021 16:00         583         687        1247        1906        1524        2163
15/03/2021 17:00        2547        1901        1284         777         813         632
15/03/2021 18:00         254         254         184          43           0           0
15/03/2021 19:00           0           0           0           0           0           0
15/03/2021 20:00           0           0           0           0           0           0
15/03/2021 21:00           0           0           0           0           0           0
15/03/2021 22:00           0           0           0           0           0           0
15/03/2021 23:00           0           0           0           0           0           0
16/03/2021 00:00           0           0           0           0           0           0
16/03/2021 01:00           0           0           0           0           0           0
16/03/2021 02:00           0           0           0           0           0           0
16/03/2021 03:00           0           0           0           0           0           0
16/03/2021 04:00           0           0           0           0           0           0
16/03/2021 05:00           0           0           0           0           0           0
16/03/2021 06:00           0           0           0           0           0           0
16/03/2021 07:00           0           1           1         155         381         456
16/03/2021 08:00         547         685         634         509         699         627
16/03/2021 09:00         660         883         529         925        1402        1054
16/03/2021 10:00        1031        1476        1395        1993         988        1010
16/03/2021 11:00         872         874        1323        1322        1714        1922
16/03/2021 12:00        1513        1016        1399        1834        2313        2315
16/03/2021 13:00        2327        2195        1347         964         779        1351
16/03/2021 14:00        1918        1238         970         952        1061         726
16/03/2021 15:00         585         683         525         256         267         339
16/03/2021 16:00         347         247         172         196         175         214
16/03/2021 17:00         252         224         136           0          10          66
16/03/2021 18:00          62          35           0           0           0           0
16/03/2021 19:00           0           0           0           0           0           0
16/03/2021 20:00           0           0           0           0           0           0
16/03/2021 21:00           0           0           0           0           0           0
16/03/2021 22:00           0           0           0           0           0           0
16/03/2021 23:00           0           0           0           0           0           0
17/03/2021 00:00           0           0           0           0           0           0
17/03/2021 01:00           0           0           0           0           0           0
17/03/2021 02:00           0           0           0           0           0           0
17/03/2021 03:00           0           0           0           0           0           0
17/03/2021 04:00           0           0           0           0           0           0
17/03/2021 05:00           0           0           0           0           0           0
17/03/2021 06:00           0           0           0           0           0           0
17/03/2021 07:00           0           0          18         143         123         302
17/03/2021 08:00         629         757         307         568        1104        1203
17/03/2021 09:00         596         929        1711         860        1186         497
17/03/2021 10:00         426         401        1019        1173        1134        1142
17/03/2021 11:00        1147        1446        1420        1135         988        1478
17/03/2021 12:00        1681        1166        1521        1262        2115        2320
17/03/2021 13:00        2389        1554        1357        1736        1608        1329
17/03/2021 14:00        1647        1541        1624        1390         529         493
17/03/2021 15:00         809        1085         946         827         938         745
17/03/2021 16:00         827        1354         918         623         696         982
17/03/2021 17:00         346         244         220         523         573         358
17/03/2021 18:00         214          58           0           0           0           0
17/03/2021 19:00           0           0           0           0           0           0
17/03/2021 20:00           0           0           0           0           0           0
17/03/2021 21:00           0           0           0           0           0           0
17/03/2021 22:00           0           0           0           0           0           0
17/03/2021 23:00           0           0           0           0           0           0
18/03/2021 00:00           0           0           0           0           0           0
18/03/2021 01:00           0           0           0           0           0           0
18/03/2021 02:00           0           0           0           0           0           0
18/03/2021 03:00           0           0           0           0           0           0
18/03/2021 04:00           0           0           0           0           0           0
18/03/2021 05:00           0           0           0           0           0           0
18/03/2021 06:00           0           0           0           0           0           0
18/03/2021 07:00           0           6         169         307         288         310
18/03/2021 08:00         600         867        1538        1774        2035        1958
18/03/2021 09:00        1304        1235        1350        1849        1755        1915
18/03/2021 10:00        1928        1542        1409         850        1105        1366
18/03/2021 11:00        1031        1382        1275        2539        2388        2242
18/03/2021 12:00        1561        2003        2468        3011        2903        3380
18/03/2021 13:00        2646        1844        1677        2789        2229        1628
18/03/2021 14:00        1324         471        1748        1792        1993        1474
18/03/2021 15:00        1755        2346         984         729        1558         974
18/03/2021 16:00         611         272         424         858        1027        1712
18/03/2021 17:00        1109        1053         701         356         187          50
18/03/2021 18:00         167          58           0           0           0           0
18/03/2021 19:00           0           0           0           0           0           0
18/03/2021 20:00           0           0           0           0           0           0
18/03/2021 21:00           0           0           0           0           0           0
18/03/2021 22:00           0           0           0           0           0           0
18/03/2021 23:00           0           0           0           0           0           0
19/03/2021 00:00           0           0           0           0           0           0
19/03/2021 01:00           0           0           0           0           0           0
19/03/2021 02:00           0           0           0           0           0           0
19/03/2021 03:00           0           0           0           0           0           0
19/03/2021 04:00           0           0           0           0           0           0
19/03/2021 05:00           0           0           0           0           0           0
19/03/2021 06:00           0           0           0           0           0           0
19/03/2021 07:00           1           1         136         347         383         860
19/03/2021 08:00         652         566         658         925         975        1212
19/03/2021 09:00        2385        1807        2450        1255        1862        1587
19/03/2021 10:00        1694        1690        2590        2475        2887        1781
19/03/2021 11:00        2031        2101        1728        1837        1466        1987
19/03/2021 12:00        2535        2578        4380        3725        2892        2149
19/03/2021 13:00        3587        4142        3053        3026        3309        5306
19/03/2021 14:00        2638        3832        4916        5410        2923        2355
19/03/2021 15:00        2269        2608        1787        1798        2049        1885
19/03/2021 16:00        1191        1891        2390        2990        2807        2853
19/03/2021 17:00        2621        1499        1201        1410        1091         700
19/03/2021 18:00         422         290         207         170          13           0
19/03/2021 19:00           0           0           0           0           0           0
19/03/2021 20:00           0           0           0           0           0           0
19/03/2021 21:00           0           0           0           0           0           0
19/03/2021 22:00           0           0           0           0           0           0
19/03/2021 23:00           0           0           0           0           0           0
20/03/2021 00:00           0           0           0           0           0           0
20/03/2021 01:00           0           0           0           0           0           0
20/03/2021 02:00           0           0           0           0           0           0
20/03/2021 03:00           0           0           0           0           0           0
20/03/2021 04:00           0           0           0           0           0           0
20/03/2021 05:00           0           0           0           0           0           0
20/03/2021 06:00           0           0           0           0           0           0
20/03/2021 07:00           1         114         279         447         645        1003
20/03/2021 08:00        1386        1760        2358        2297        2347        2445
20/03/2021 09:00        3147        3737        3878        4171        4209        2203
20/03/2021 10:00        1187        1667        3526        4477        3874        2263
20/03/2021 11:00        1389        1083        1518        2245        2323        4319
20/03/2021 12:00        3888        5398        5443        4546        2640        1430
20/03/2021 13:00        2699        3185        4246        3615        4564        3565
20/03/2021 14:00        2582        4121        5102        5056        3584        5408
20/03/2021 15:00        5250        3540        5200        4756        3851        4072
20/03/2021 16:00        4063        3798        3407        3210        2889        2558
20/03/2021 17:00        2224        1845        1562        1240         951         705
20/03/2021 18:00         464         322         224         155          32           0
20/03/2021 19:00           0           0           0           0           0           0
20/03/2021 20:00           0           0           0           0           0           0
20/03/2021 21:00           0           0           0           0           0           0
20/03/2021 22:00           0           0           0           0           0           0
20/03/2021 23:00           0           0           0           0           0           0
21/03/2021 00:00           0           0           0           0           0           0
21/03/2021 01:00           0           0           0           0           0           0
21/03/2021 02:00           0           0           0           0           0           0
21/03/2021 03:00           0           0           0           0           0           0
21/03/2021 04:00           0           0           0           0           0           0
21/03/2021 05:00           0           0           0           0           0           0
21/03/2021 06:00           0           0           0           0           0           0
21/03/2021 07:00           0           0           0           0           0           0
21/03/2021 08:00           1         105         148         181         268         236
21/03/2021 09:00         243         440         495         464         616        1229
21/03/2021 10:00         801         703         551        1323        1885        1843
21/03/2021 11:00        1507        1031        1658        1532        1105         727
21/03/2021 12:00         822         728        1350        1225        2138        2848
21/03/2021 13:00        3642        1486        1925        3815        4711        5382
21/03/2021 14:00        5420        4666        4693        3619        5362        4085
21/03/2021 15:00        4205        3340        2892        3174        3067        3517
21/03/2021 16:00        3667        2821        3319        2761        1341        2932
21/03/2021 17:00        1774        1669         795        1287         655         674
21/03/2021 18:00         543         642         284         144          18           0
21/03/2021 19:00           0           0           0           0           0           0
21/03/2021 20:00           0           0           0           0           0           0
21/03/2021 21:00           0           0           0           0           0           0
21/03/2021 22:00           0           0           0           0           0           0
21/03/2021 23:00           0           0           0           0           0           0
22/03/2021 00:00           0           0           0           0           0           0
22/03/2021 01:00           0           0           0           0           0           0
22/03/2021 02:00           0           0           0           0           0           0
22/03/2021 03:00           0           0           0           0           0           0
22/03/2021 04:00           0           0           0           0           0           0
22/03/2021 05:00           0           0           0           0           0           0
22/03/2021 06:00           0           0           0           0           0           0
22/03/2021 07:00           1         176         415         562         748         493
22/03/2021 08:00         382         489         579         708         878         942
22/03/2021 09:00        1083        1274        1316        1428        1514        1723
22/03/2021 10:00        1776        1716        1856        1758        1732        1827
22/03/2021 11:00        1864        1197        1262        1302         991        1504
22/03/2021 12:00        1547        1228        1231        1148        1424        1629
22/03/2021 13:00        1474        1531        1455        1596        1927        2039
22/03/2021 14:00        1893        1958        1905        1898        1687        1334
22/03/2021 15:00        1200        1156        1226        1448        1353        1954
22/03/2021 16:00        1997        1443        1567        1209         946         746
22/03/2021 17:00         637         521         637         479         369         307
22/03/2021 18:00         217         133          14           0           0           0
22/03/2021 19:00           0           0           0           0           0           0
22/03/2021 20:00           0           0           0           0           0           0
22/03/2021 21:00           0           0           0           0           0           0
22/03/2021 22:00           0           0           0           0           0           0
22/03/2021 23:00           0           0           0           0           0           0
23/03/2021 00:00           0           0           0           0           0           0
23/03/2021 01:00           0           0           0           0           0           0
23/03/2021 02:00           0           0           0           0           0           0
23/03/2021 03:00           0           0           0           0           0           0
23/03/2021 04:00           0           0           0           0           0           0
23/03/2021 05:00           0           0           0           0           0           0
23/03/2021 06:00           0           0           0           0           0           1
23/03/2021 07:00          61         300         517         768         973        1225
23/03/2021 08:00        1458        1776        2107        2435        2763        3077
23/03/2021 09:00        3424        3763        3832        4095        4583        4760
23/03/2021 10:00        5008        5052        5120        5458        5527        5568
23/03/2021 11:00        5567        5584        5587        5579        5582        5558
23/03/2021 12:00        5555        5569        5586        5549        5611        5583
23/03/2021 13:00        5575        5576        5578        5559        5578        5570
23/03/2021 14:00        5640        5581        5581        5517        5610        5520
23/03/2021 15:00        5235        5032        4819        4901        4466        3776
23/03/2021 16:00        3746        3886        3560        3230        2924        2600
23/03/2021 17:00        2278        1965        1531         931        1014         694
23/03/2021 18:00         543         344         239         165          71           0
23/03/2021 19:00           0           0           0           0           0           0
23/03/2021 20:00           0           0           0           0           0           0
23/03/2021 21:00           0           0           0           0           0           0
23/03/2021 22:00           0           0           0           0           0           0
23/03/2021 23:00           0           0           0           0           0           0
24/03/2021 00:00           0           0           0           0           0           0
24/03/2021 01:00           0           0           0           0           0           0
24/03/2021 02:00           0           0           0           0           0           0
24/03/2021 03:00           0           0           0           0           0           0
24/03/2021 04:00           0           0           0           0           0           0
24/03/2021 05:00           0           0           0           0           0           0
24/03/2021 06:00           0           0           0           0           0           0
24/03/2021 07:00          57         278         465         681         916        1251
24/03/2021 08:00        1555        1864        2188        2557        2892        3250
24/03/2021 09:00        3548        3785        4084        4356        4607        4842
24/03/2021 10:00        5080        5291        5425        5474        5523        5496
24/03/2021 11:00        5585        5561        5586        5567        5563        5541
24/03/2021 12:00        5559        5538        5556        5571        5550        5529
24/03/2021 13:00        5546        5544        5557        5561        5573        5548
24/03/2021 14:00        5539        5547        5556        5323        5553        5496
24/03/2021 15:00        5369        5238        5036        4750        4515        4272
24/03/2021 16:00        3811        3847        3464        3105        2879        2387
24/03/2021 17:00        2224        1762        1387        1344        1192         800
24/03/2021 18:00         575         394         321         241         171          13
24/03/2021 19:00           0           0           0           0           0           0
24/03/2021 20:00           0           0           0           0           0           0
24/03/2021 21:00           0           0           0           0           0           0
24/03/2021 22:00           0           0           0           0           0           0
24/03/2021 23:00           0           0           0           0           0           0
25/03/2021 00:00           0           0           0           0           0           0
25/03/2021 01:00           0           0           0           0           0           0
25/03/2021 02:00           0           0           0           0           0           0
25/03/2021 03:00           0           0           0           0           0           0
25/03/2021 04:00           0           0           0           0           0           0
25/03/2021 05:00           0           0           0           0           0           0
25/03/2021 06:00           0           0           0           0           0           0
25/03/2021 07:00           0           0          16          24         189         309
25/03/2021 08:00         198         402         745         559         527         562
25/03/2021 09:00         703        1152         977        1111        1141        1446
25/03/2021 10:00        1551        1064        1220        1789        2328        2385
25/03/2021 11:00        2493        2270        2048        2972        3158        3137
25/03/2021 12:00        1906        1805        2182        1249        1931        1577
25/03/2021 13:00         791        1307        2501        2118        1467         500
25/03/2021 14:00         912        1226        2754        3185        1908        3524
25/03/2021 15:00        5334        3840        2608        2467         769        1220
25/03/2021 16:00        1229        2173        3322        2382        1256         895
25/03/2021 17:00        1884        2138        1517        1449        1175         895
25/03/2021 18:00         524         310         272         193         103           0
25/03/2021 19:00           0           0           0           0           0           0
25/03/2021 20:00           0           0           0           0           0           0
25/03/2021 21:00           0           0           0           0           0           0
25/03/2021 22:00           0           0           0           0           0           0
25/03/2021 23:00           0           0           0           0           0           0
26/03/2021 00:00           0           0           0           0           0           0
26/03/2021 01:00           0           0           0           0           0           0
26/03/2021 02:00           0           0           0           0           0           0
26/03/2021 03:00           0           0           0           0           0           0
26/03/2021 04:00           0           0           0           0           0           0
26/03/2021 05:00           0           0           0           0           0           0
26/03/2021 06:00           0           0           0           0           0           8
26/03/2021 07:00         213         336         484         624         788         445
26/03/2021 08:00         391         501         693         812         885        1030
26/03/2021 09:00        1221        1424        1439        1486        1789        1743
26/03/2021 10:00        1897        1987        2260        2836        3355        3399
26/03/2021 11:00        4222        4774        4517        5154        3754        4505
26/03/2021 12:00        2950        2632        2492        2221        3415        3498
26/03/2021 13:00        2713        2351        2440        2247        2445        3176
26/03/2021 14:00        3479        3410        3135        2215        2957        1834
26/03/2021 15:00        2502        1990        2581        3374        2940        1725
26/03/2021 16:00        2593        1529        1834        1588        1297         896
26/03/2021 17:00         759         557         449         399         243         127
26/03/2021 18:00          95         261          45           0           0           0
26/03/2021 19:00           0           0           0           0           0           0
26/03/2021 20:00           0           0           0           0           0           0
26/03/2021 21:00           0           0           0           0           0           0
26/03/2021 22:00           0           0           0           0           0           0
26/03/2021 23:00           0           0           0           0           0           0
27/03/2021 00:00           0           0           0           0           0           0
27/03/2021 01:00           0           0           0           0           0           0
27/03/2021 02:00           0           0           0           0           0           0
27/03/2021 03:00           0           0           0           0           0           0
27/03/2021 04:00           0           0           0           0           0           0
27/03/2021 05:00           0           0           0           0           0           0
27/03/2021 06:00           0           0           0           0           0           2
27/03/2021 07:00         215         372         568         825         928        1279
27/03/2021 08:00        1729        2033        2376        2716        3059        3374
27/03/2021 09:00        3675        3984        4299        4568        4828        4200
27/03/2021 10:00        4105        4611        3082        1749        3791        5370
27/03/2021 11:00        4623        5172        5466        5014        4473        5337
27/03/2021 12:00        5158        5409        2940        3276        3369        2374
27/03/2021 13:00        2608        4300        3445        3857        2717        1901
27/03/2021 14:00        3020        3821        5431        3988        3012        1681
27/03/2021 15:00        1879        2850        1929        1468        1154        1900
27/03/2021 16:00        2117        1878        1626        1362        1178         819
27/03/2021 17:00         564         604         463         491         390         281
27/03/2021 18:00         299         279         212         138          19           0
27/03/2021 19:00           0           0           0           0           0           0
27/03/2021 20:00           0           0           0           0           0           0
27/03/2021 21:00           0           0           0           0           0           0
27/03/2021 22:00           0           0           0           0           0           0
27/03/2021 23:00           0           0           0           0           0           0
28/03/2021 00:00           0           0           0           0           0           0
28/03/2021 01:00           0           0           0           0           0           0
28/03/2021 03:00           0           0           0           0           0           0
28/03/2021 04:00           0           0           0           0           0           0
28/03/2021 05:00           0           0           0           0           0           0
28/03/2021 06:00           0           0           0           0           0           0
28/03/2021 07:00           0           0           0           0           1         142
28/03/2021 08:00         262         297         412         752        1054        1466
28/03/2021 09:00        1721        1726        2283        2718        3059        3375
28/03/2021 10:00        3702        3879        3934        4385        4738        4966
28/03/2021 11:00        5216        5411        5478        5394        5530        5561
28/03/2021 12:00        5571        5547        5644        5166        3131        4837
28/03/2021 13:00        5605        5603        5586        5613        5617        5599
28/03/2021 14:00        5590        5594        5595        5607        5603        5556
28/03/2021 15:00        5604        5614        5651        5590        5545        5309
28/03/2021 16:00        5274        5236        5131        4686        3693        3704
28/03/2021 17:00        4316        3819        3089        2971        2797        2696
28/03/2021 18:00        2366        2054        1710        1358        1176         879
28/03/2021 19:00         438         327         253         206         175         103
28/03/2021 20:00           8           0           0           0           0           0
28/03/2021 21:00           0           0           0           0           0           0
28/03/2021 22:00           0           0           0           0           0           0
28/03/2021 23:00           0           0           0           0           0           0
29/03/2021 00:00           0           0           0           0           0           0
29/03/2021 01:00           0           0           0           0           0           0
29/03/2021 02:00           0           0           0           0           0           0
29/03/2021 03:00           0           0           0           0           0           0
29/03/2021 04:00           0           0           0           0           0           0
29/03/2021 05:00           0           0           0           0           0           0
29/03/2021 06:00           0           0           0           0           0           0
29/03/2021 07:00           0           0           0           0           1         146
29/03/2021 08:00         327         497         708         839        1061        1498
29/03/2021 09:00        1806        1983        2370        2725        3034        3446
29/03/2021 10:00        3769        4063        4330        4556        4816        5034
29/03/2021 11:00        5238        5409        5525        5587        5577        5617
29/03/2021 12:00        5570        5635        5626        5590        5614        5617
29/03/2021 13:00        5614        5612        5604        5644        5601        5590
29/03/2021 14:00        5615        5603        5578        5596        5606        5570
29/03/2021 15:00        5646        5628        5596        5594        5595        5353
29/03/2021 16:00        5470        5353        5045        4849        4565        4249
29/03/2021 17:00        4120        3883        3638        3255        2948        2700
29/03/2021 18:00        2339        2129        1694        1463        1112         926
29/03/2021 19:00         719         499         337         235         182         124
29/03/2021 20:00          22           0           0           0           0           0
29/03/2021 21:00           0           0           0           0           0           0
29/03/2021 22:00           0           0           0           0           0           0
29/03/2021 23:00           0           0           0           0           0           0
30/03/2021 00:00           0           0           0           0           0           0
30/03/2021 01:00           0           0           0           0           0           0
30/03/2021 02:00           0           0           0           0           0           0
30/03/2021 03:00           0           0           0           0           0           0
30/03/2021 04:00           0           0           0           0           0           0
30/03/2021 05:00           0           0           0           0           0           0
30/03/2021 06:00           0           0           0           0           0           0
30/03/2021 07:00           0           0           0           0           0         106
30/03/2021 08:00         306         492         710         957        1235        1531
30/03/2021 09:00        1834        2165        2497        2817        3134        3443
30/03/2021 10:00        3730        4005        4267        4531        4769        4991
30/03/2021 11:00        5180        5386        5305        5597        5628        5635
30/03/2021 12:00        5630        5653        5667        5652        5655        5659
30/03/2021 13:00        5630        5648        5644        5525        5667        5638
30/03/2021 14:00        5637        5659        5645        5639        5603        5687
30/03/2021 15:00        5645        5689        5658        5640        5620        5461
30/03/2021 16:00        5086        5200        5078        4895        4556        4372
30/03/2021 17:00        4105        3845        3567        3286        2980        2709
30/03/2021 18:00        2405        2126        1804        1515        1217         915
30/03/2021 19:00         705         440         254         164          60           0
30/03/2021 20:00           0           0           0           0           0           0
30/03/2021 21:00           0           0           0           0           0           0
30/03/2021 22:00           0           0           0           0           0           0
30/03/2021 23:00           0           0           0           0           0           0
31/03/2021 00:00           0           0           0           0           0           0
31/03/2021 01:00           0           0           0           0           0           0
31/03/2021 02:00           0           0           0           0           0           0
31/03/2021 03:00           0           0           0           0           0           0
31/03/2021 04:00           0           0           0           0           0           0
31/03/2021 05:00           0           0           0           0           0           0
31/03/2021 06:00           0           0           0           0           0           0
31/03/2021 07:00           0           0           0           0          12         185
31/03/2021 08:00         320         495         701         937        1181        1463
31/03/2021 09:00        1744        2037        2364        2686        3019        3305
31/03/2021 10:00        3592        3898        4156        4392        4621        4853
31/03/2021 11:00        5065        5144        5401        5514        5585        5573
31/03/2021 12:00        5499        5599        5614        5617        5588        5591
31/03/2021 13:00        5492        5616        5581        5586        5583        5208
31/03/2021 14:00        5522        5638        5575        5587        5585        5589
31/03/2021 15:00        5614        5478        5460        5553        5532        5486
31/03/2021 16:00        5417        5230        4937        4765        4462        4301
31/03/2021 17:00        3992        3714        3457        3198        2922        2652
31/03/2021 18:00        2354        2085        1770        1473        1185         914
31/03/2021 19:00         583         431         252         165          61           0
31/03/2021 20:00           0           0           0           0           0           0
31/03/2021 21:00           0           0           0           0           0           0
31/03/2021 22:00           0           0           0           0           0           0
31/03/2021 23:00           0           0           0           0           0           0
01/04/2021 00:00           0           0           0           0           0           0
01/04/2021 01:00           0           0           0           0           0           0
