01/12/2020 02:00           0           0           0           0           0           0
01/12/2020 03:00           0           0           0           0           0           0
01/12/2020 04:00           0           0           0           0           0           0
01/12/2020 05:00           0           0           0           0           0           0
01/12/2020 06:00           0           0           0           0           0           0
01/12/2020 07:00           0           0           0           0           0           0
01/12/2020 08:00           0           0           0           0           3         203
01/12/2020 09:00         355         509         416         414         435         500
01/12/2020 10:00        1072        1124        1518        1407        1117         790
01/12/2020 11:00         770         733         751         824        1043         722
01/12/2020 12:00         392         369         655        1205        1403        1504
01/12/2020 13:00        1147        1006         634         591         984        1274
01/12/2020 14:00         833         556         427         757         778         908
01/12/2020 15:00         612         702         539         469         330         435
01/12/2020 16:00         308          97           0           0           0           0
01/12/2020 17:00           0           0           0           0           0           0
01/12/2020 18:00           0           0           0           0           0           0
01/12/2020 19:00           0           0           0           0           0           0
01/12/2020 20:00           0           0           0           0           0           0
01/12/2020 21:00           0           0           0           0           0           0
01/12/2020 22:00           0           0           0           0           0           0
01/12/2020 23:00           0           0           0           0           0           0
02/12/2020 00:00           0           0           0           0           0           0
02/12/2020 01:00           0           0           0           0           0           0
02/12/2020 02:00           0           0           0           0           0           0
02/12/2020 03:00           0           0           0           0           0           0
02/12/2020 04:00           0           0           0           0           0           0
02/12/2020 05:00           0           0           0           0           0           0
02/12/2020 06:00           0           0           0           0           0           0
02/12/2020 07:00           0           0           0           0           0           0
02/12/2020 08:00           0           0           0           0           0           0
02/12/2020 09:00           0           7          57          92         138         136
02/12/2020 10:00         211         199         251         488         584         464
02/12/2020 11:00         420         299         351         501         562         540
02/12/2020 12:00         518         460         461         486         545         615
02/12/2020 13:00         463         425         449         552         590         499
02/12/2020 14:00         467         502         375         295         289         458
02/12/2020 15:00         350         246         309         210          93         124
02/12/2020 16:00         123           7           0           0           0           0
02/12/2020 17:00           0           0           0           0           0           0
02/12/2020 18:00           0           0           0           0           0           0
02/12/2020 19:00           0           0           0           0           0           0
02/12/2020 20:00           0           0           0           0           0           0
02/12/2020 21:00           0           0           0           0           0           0
02/12/2020 22:00           0           0           0           0           0           0
02/12/2020 23:00           0           0           0           0           0           0
03/12/2020 00:00           0           0           0           0           0           0
03/12/2020 01:00           0           0           0           0           0           0
03/12/2020 02:00           0           0           0           0           0           0
03/12/2020 03:00           0           0           0           0           0           0
03/12/2020 04:00           0           0           0           0           0           0
03/12/2020 05:00           0           0           0           0           0           0
03/12/2020 06:00           0           0           0           0           0           0
03/12/2020 07:00           0           0           0           0           0           0
03/12/2020 08:00           0           0           0           0           0           0
03/12/2020 09:00           0           0          14          15           0          26
03/12/2020 10:00          19           1          68         189         253         343
03/12/2020 11:00         228         225         252         301         307         235
03/12/2020 12:00         236         256         190         234         229         174
03/12/2020 13:00         139         171         178          44         103         148
03/12/2020 14:00         205         289         244         206         239         196
03/12/2020 15:00         169         145         118          48           1          12
03/12/2020 16:00           0           0           0           0           0           0
03/12/2020 17:00           0           0           0           0           0           0
03/12/2020 18:00           0           0           0           0           0           0
03/12/2020 19:00           0           0           0           0           0           0
03/12/2020 20:00           0           0           0           0           0           0
03/12/2020 21:00           0           0           0           0           0           0
03/12/2020 22:00           0           0           0           0           0           0
03/12/2020 23:00           0           0           0           0           0           0
04/12/2020 00:00           0           0           0           0           0           0
04/12/2020 01:00           0           0           0           0           0           0
04/12/2020 02:00           0           0           0           0           0           0
04/12/2020 03:00           0           0           0           0           0           0
04/12/2020 04:00           0           0           0           0           0           0
04/12/2020 05:00           0           0           0           0           0           0
04/12/2020 06:00           0           0           0           0           0           0
04/12/2020 07:00           0           0           0           0           0           0
04/12/2020 08:00           0           0           0           0           0           0
04/12/2020 09:00           0         338         457         540         849         360
04/12/2020 10:00         297        1062        1041         571         623         891
04/12/2020 11:00         964        1113        1745        2513        2305        1181
04/12/2020 12:00        1205        2187        2703        2630        2083        1968
04/12/2020 13:00        1139        1946        2770        2073        1983        2396
04/12/2020 14:00        2057        1012         936        1207         605         768
04/12/2020 15:00         408         869         653         389         286         177
04/12/2020 16:00          83           1           0           0           0           0
04/12/2020 17:00           0           0           0           0           0           0
04/12/2020 18:00           0           0           0           0           0           0
04/12/2020 19:00           0           0           0           0           0           0
04/12/2020 20:00           0           0           0           0           0           0
04/12/2020 21:00           0           0           0           0           0           0
04/12/2020 22:00           0           0           0           0           0           0
04/12/2020 23:00           0           0           0           0           0           0
05/12/2020 00:00           0           0           0           0           0           0
05/12/2020 01:00           0           0           0           0           0           0
05/12/2020 02:00           0           0           0           0           0           0
05/12/2020 03:00           0           0           0           0           0           0
05/12/2020 04:00           0           0           0           0           0           0
05/12/2020 05:00           0           0           0           0           0           0
05/12/2020 06:00           0           0           0           0           0           0
05/12/2020 07:00           0           0           0           0           0           0
05/12/2020 08:00           0           0           0           0           0          51
05/12/2020 09:00         205         195         176         270         232         142
05/12/2020 10:00         129         359         716        1221        1353        1316
05/12/2020 11:00        1023        1235         795        1128        1044         864
05/12/2020 12:00         644         394         505         679         579         630
05/12/2020 13:00         783         654         571         347         415         609
05/12/2020 14:00         386         377         267         239         240         162
05/12/2020 15:00          39         155         152         128         112         103
05/12/2020 16:00           0           0           0           0           0           0
05/12/2020 17:00           0           0           0           0           0           0
05/12/2020 18:00           0           0           0           0           0           0
05/12/2020 19:00           0           0           0           0           0           0
05/12/2020 20:00           0           0           0           0           0           0
05/12/2020 21:00           0           0           0           0           0           0
05/12/2020 22:00           0           0           0           0           0           0
05/12/2020 23:00           0           0           0           0           0           0
06/12/2020 00:00           0           0           0           0           0           0
06/12/2020 01:00           0           0           0           0           0           0
06/12/2020 02:00           0           0           0           0           0           0
06/12/2020 03:00           0           0           0           0           0           0
06/12/2020 04:00           0           0           0           0           0           0
06/12/2020 05:00           0           0           0           0           0           0
06/12/2020 06:00           0           0           0           0           0           0
06/12/2020 07:00           0           0           0           0           0           0
06/12/2020 08:00           0           0           0           0           0           0
06/12/2020 09:00           9         186         323         366         253         387
06/12/2020 10:00         416         724         827         852        1219        1183
06/12/2020 11:00        1359        2830        1905        2970        1945        1770
06/12/2020 12:00        1352        2791        3834        2034        2049        1944
06/12/2020 13:00        1808        1799        1699        1592        2374        2647
06/12/2020 14:00        2147        1866        1671        1376         969        1193
06/12/2020 15:00         986         726         653         403         207         159
06/12/2020 16:00         179         160          67          13           0           0
06/12/2020 17:00           0           0           0           0           0           0
06/12/2020 18:00           0           0           0           0           0           0
06/12/2020 19:00           0           0           0           0           0           0
06/12/2020 20:00           0           0           0           0           0           0
06/12/2020 21:00           0           0           0           0           0           0
06/12/2020 22:00           0           0           0           0           0           0
06/12/2020 23:00           0           0           0           0           0           0
07/12/2020 00:00           0           0           0           0           0           0
07/12/2020 01:00           0           0           0           0           0           0
07/12/2020 02:00           0           0           0           0           0           0
07/12/2020 03:00           0           0           0           0           0           0
07/12/2020 04:00           0           0           0           0           0           0
07/12/2020 05:00           0           0           0           0           0           0
07/12/2020 06:00           0           0           0           0           0           0
07/12/2020 07:00           0           0           0           0           0           0
07/12/2020 08:00           0           0           0           0           0           0
07/12/2020 09:00           0         116         191         244         315         397
07/12/2020 10:00         387         363         412         451         540         503
07/12/2020 11:00         538         682         616         885         912         869
07/12/2020 12:00         694         673         547         535         644         670
07/12/2020 13:00        1066         865        1257        1426        1402         626
07/12/2020 14:00         351         188         211         355         507         335
07/12/2020 15:00         168          43           9          66          17          49
07/12/2020 16:00           1           0           0           0           0           0
07/12/2020 17:00           0           0           0           0           0           0
07/12/2020 18:00           0           0           0           0           0           0
07/12/2020 19:00           0           0           0           0           0           0
07/12/2020 20:00           0           0           0           0           0           0
07/12/2020 21:00           0           0           0           0           0           0
07/12/2020 22:00           0           0           0           0           0           0
07/12/2020 23:00           0           0           0           0           0           0
08/12/2020 00:00           0           0           0           0           0           0
08/12/2020 01:00           0           0           0           0           0           0
08/12/2020 02:00           0           0           0           0           0           0
08/12/2020 03:00           0           0           0           0           0           0
08/12/2020 04:00           0           0           0           0           0           0
08/12/2020 05:00           0           0           0           0           0           0
08/12/2020 06:00           0           0           0           0           0           0
08/12/2020 07:00           0           0           0           0           0           0
08/12/2020 08:00           0           0           0           0           0           0
08/12/2020 09:00           0           0           0           1          54         172
08/12/2020 10:00          29         184         407         588         545         604
08/12/2020 11:00         741         673         515         552         575         575
08/12/2020 12:00         578         561         757         700         692         947
08/12/2020 13:00         840        1791        2098        2532        1429        2031
08/12/2020 14:00         897        1591        2032        1345        1310        1363
08/12/2020 15:00        1064         953        1042        1162         911         424
08/12/2020 16:00         173          45           0           0           0           0
08/12/2020 17:00           0           0           0           0           0           0
08/12/2020 18:00           0           0           0           0           0           0
08/12/2020 19:00           0           0           0           0           0           0
08/12/2020 20:00           0           0           0           0           0           0
08/12/2020 21:00           0           0           0           0           0           0
08/12/2020 22:00           0           0           0           0           0           0
08/12/2020 23:00           0           0           0           0           0           0
09/12/2020 00:00           0           0           0           0           0           0
09/12/2020 01:00           0           0           0           0           0           0
09/12/2020 02:00           0           0           0           0           0           0
09/12/2020 03:00           0           0           0           0           0           0
09/12/2020 04:00           0           0           0           0           0           0
09/12/2020 05:00           0           0           0           0           0           0
09/12/2020 06:00           0           0           0           0           0           0
09/12/2020 07:00           0           0           0           0           0           0
09/12/2020 08:00           0           0           0           3         141         243
09/12/2020 09:00         450         643         718         750         778         735
09/12/2020 10:00         684         944        1069        1123         979        1012
09/12/2020 11:00        1207        1300         958         811         818         891
09/12/2020 12:00        1001        1046         527         257         317         472
09/12/2020 13:00         321         445         640         916         850         883
09/12/2020 14:00        1234         940         722         656         700         550
09/12/2020 15:00         699         402         264         295         258          94
09/12/2020 16:00           2           0           0           0           0           0
09/12/2020 17:00           0           0           0           0           0           0
09/12/2020 18:00           0           0           0           0           0           0
09/12/2020 19:00           0           0           0           0           0           0
09/12/2020 20:00           0           0           0           0           0           0
09/12/2020 21:00           0           0           0           0           0           0
09/12/2020 22:00           0           0           0           0           0           0
09/12/2020 23:00           0           0           0           0           0           0
10/12/2020 00:00           0           0           0           0           0           0
10/12/2020 01:00           0           0           0           0           0           0
10/12/2020 02:00           0           0           0           0           0           0
10/12/2020 03:00           0           0           0           0           0           0
10/12/2020 04:00           0           0           0           0           0           0
10/12/2020 05:00           0           0           0           0           0           0
10/12/2020 06:00           0           0           0           0           0           0
10/12/2020 07:00           0           0           0           0           0           0
10/12/2020 08:00           0           0           0           0           0           1
10/12/2020 09:00           0          87         157         228         289         363
10/12/2020 10:00         466         584         691         839        1099        1511
10/12/2020 11:00        1733        2446        2044        2434        2545        2599
10/12/2020 12:00        2465        2644        2699        2697        2697        2641
10/12/2020 13:00        2579        2485        2378        2278        2166        2038
10/12/2020 14:00        1905        1744        1590        1423        1281        1139
10/12/2020 15:00         983         829         664         507         337         232
10/12/2020 16:00         156         128           7           0           0           0
10/12/2020 17:00           0           0           0           0           0           0
10/12/2020 18:00           0           0           0           0           0           0
10/12/2020 19:00           0           0           0           0           0           0
10/12/2020 20:00           0           0           0           0           0           0
10/12/2020 21:00           0           0           0           0           0           0
10/12/2020 22:00           0           0           0           0           0           0
10/12/2020 23:00           0           0           0           0           0           0
11/12/2020 00:00           0           0           0           0           0           0
11/12/2020 01:00           0           0           0           0           0           0
11/12/2020 02:00           0           0           0           0           0           0
11/12/2020 03:00           0           0           0           0           0           0
11/12/2020 04:00           0           0           0           0           0           0
11/12/2020 05:00           0           0           0           0           0           0
11/12/2020 06:00           0           0           0           0           0           0
11/12/2020 07:00           0           0           0           0           0           0
11/12/2020 08:00           0           0           0           0           0           0
11/12/2020 09:00           0           0           0           0           0           0
11/12/2020 10:00         180         238         295         345         322         297
11/12/2020 11:00         363         504         447         850        1068         649
11/12/2020 12:00         369         270         180         201         273        1047
11/12/2020 13:00        1903        1364         994        1036         926         961
11/12/2020 14:00        1264        1354        1093         632         156         184
11/12/2020 15:00          26          50          87          31           0           0
11/12/2020 16:00           0           0           0           0           0           0
11/12/2020 17:00           0           0           0           0           0           0
11/12/2020 18:00           0           0           0           0           0           0
11/12/2020 19:00           0           0           0           0           0           0
11/12/2020 20:00           0           0           0           0           0           0
11/12/2020 21:00           0           0           0           0           0           0
11/12/2020 22:00           0           0           0           0           0           0
11/12/2020 23:00           0           0           0           0           0           0
12/12/2020 00:00           0           0           0           0           0           0
12/12/2020 01:00           0           0           0           0           0           0
12/12/2020 02:00           0           0           0           0           0           0
12/12/2020 03:00           0           0           0           0           0           0
12/12/2020 04:00           0           0           0           0           0           0
12/12/2020 05:00           0           0           0           0           0           0
12/12/2020 06:00           0           0           0           0           0           0
12/12/2020 07:00           0           0           0           0           0           0
12/12/2020 08:00           0           0           0           0           0           0
12/12/2020 09:00          15          40          48          68         149         134
12/12/2020 10:00         194         423         289         209         288         209
12/12/2020 11:00         245         252         253         745         768         879
12/12/2020 12:00         865         732         758         724         856         604
12/12/2020 13:00        1150        1250         873         669         917         830
12/12/2020 14:00         998         787         481         537         636         384
12/12/2020 15:00         354         170          83           5           0           0
12/12/2020 16:00           0           0           0           0           0           0
12/12/2020 17:00           0           0           0           0           0           0
12/12/2020 18:00           0           0           0           0           0           0
12/12/2020 19:00           0           0           0           0           0           0
12/12/2020 20:00           0           0           0           0           0           0
12/12/2020 21:00           0           0           0           0           0           0
12/12/2020 22:00           0           0           0           0           0           0
12/12/2020 23:00           0           0           0           0           0           0
13/12/2020 00:00           0           0           0           0           0           0
13/12/2020 01:00           0           0           0           0           0           0
13/12/2020 02:00           0           0           0           0           0           0
13/12/2020 03:00           0           0           0           0           0           0
13/12/2020 04:00           0           0           0           0           0           0
13/12/2020 05:00           0           0           0           0           0           0
13/12/2020 06:00           0           0           0           0           0           0
13/12/2020 07:00           0           0           0           0           0           0
13/12/2020 08:00           0           0           0           2         204         333
13/12/2020 09:00         507         687         677         401         347         380
13/12/2020 10:00         392         426         478         679         656         791
13/12/2020 11:00        1154        1263        1354        1322        1452        1569
13/12/2020 12:00        1886        1776        1298        1283        1323        1260
13/12/2020 13:00        1534        1598        1800        1419         967         718
13/12/2020 14:00         481         468         480         430         470         320
13/12/2020 15:00         260         281         273         271         235         135
13/12/2020 16:00          11           0           0           0           0           0
13/12/2020 17:00           0           0           0           0           0           0
13/12/2020 18:00           0           0           0           0           0           0
13/12/2020 19:00           0           0           0           0           0           0
13/12/2020 20:00           0           0           0           0           0           0
13/12/2020 21:00           0           0           0           0           0           0
13/12/2020 22:00           0           0           0           0           0           0
13/12/2020 23:00           0           0           0           0           0           0
14/12/2020 00:00           0           0           0           0           0           0
14/12/2020 01:00           0           0           0           0           0           0
14/12/2020 02:00           0           0           0           0           0           0
14/12/2020 03:00           0           0           0           0           0           0
14/12/2020 04:00           0           0           0           0           0           0
14/12/2020 05:00           0           0           0           0           0           0
14/12/2020 06:00           0           0           0           0           0           0
14/12/2020 07:00           0           0           0           0           0           0
14/12/2020 08:00           0           0           0           0           0           0
14/12/2020 09:00           0         124         260         461         594         525
14/12/2020 10:00         437         555         686         854         738         640
14/12/2020 11:00         696        1077        1242        1226        1167        1055
14/12/2020 12:00        1390        1389        1438        1382        1021        1342
14/12/2020 13:00        1743        1267        1325        1761        1568        1270
14/12/2020 14:00         958         757         709         562         420         285
14/12/2020 15:00         252         304         320         337         243           0
14/12/2020 16:00           0           0           0           0           0           0
14/12/2020 17:00           0           0           0           0           0           0
14/12/2020 18:00           0           0           0           0           0           0
14/12/2020 19:00           0           0           0           0           0           0
14/12/2020 20:00           0           0           0           0           0           0
14/12/2020 21:00           0           0           0           0           0           0
14/12/2020 22:00           0           0           0           0           0           0
14/12/2020 23:00           0           0           0           0           0           0
15/12/2020 00:00           0           0           0           0           0           0
15/12/2020 01:00           0           0           0           0           0           0
15/12/2020 02:00           0           0           0           0           0           0
15/12/2020 03:00           0           0           0           0           0           0
15/12/2020 04:00           0           0           0           0           0           0
15/12/2020 05:00           0           0           0           0           0           0
15/12/2020 06:00           0           0           0           0           0           0
15/12/2020 07:00           0           0           0           0           0           0
15/12/2020 08:00           0           0           0           0           0           0
15/12/2020 09:00           0           0           0          15          68          57
15/12/2020 10:00          68          58          35         145         489         860
15/12/2020 11:00        1075         947         908         689         399        1277
15/12/2020 12:00        2610        2343        1231        1025        1442        2602
15/12/2020 13:00        2157        1855         416         408        1544        1987
15/12/2020 14:00        1271        1621        1524        1383        1122         933
15/12/2020 15:00         851        1067         332         314         357         449
15/12/2020 16:00         415         148          73          61          13           0
15/12/2020 17:00           0           0           0           0           0           0
15/12/2020 18:00           0           0           0           0           0           0
15/12/2020 19:00           0           0           0           0           0           0
15/12/2020 20:00           0           0           0           0           0           0
15/12/2020 21:00           0           0           0           0           0           0
15/12/2020 22:00           0           0           0           0           0           0
15/12/2020 23:00           0           0           0           0           0           0
16/12/2020 00:00           0           0           0           0           0           0
16/12/2020 01:00           0           0           0           0           0           0
16/12/2020 02:00           0           0           0           0           0           0
16/12/2020 03:00           0           0           0           0           0           0
16/12/2020 04:00           0           0           0           0           0           0
16/12/2020 05:00           0           0           0           0           0           0
16/12/2020 06:00           0           0           0           0           0           0
16/12/2020 07:00           0           0           0           0           0           0
16/12/2020 08:00           0           0           0           0           0           1
16/12/2020 09:00          72         234         296         263         261         295
16/12/2020 10:00         352         379         465         494         468         441
16/12/2020 11:00         527         606         680         679         582         622
16/12/2020 12:00         637         468         363         480         466         496
16/12/2020 13:00         860        1488        1091         732         481         593
16/12/2020 14:00         734         825         891        1146         850         611
16/12/2020 15:00         447         390         400         360         277          96
16/12/2020 16:00          37          42           8           0           0           0
16/12/2020 17:00           0           0           0           0           0           0
16/12/2020 18:00           0           0           0           0           0           0
16/12/2020 19:00           0           0           0           0           0           0
16/12/2020 20:00           0           0           0           0           0           0
16/12/2020 21:00           0           0           0           0           0           0
16/12/2020 22:00           0           0           0           0           0           0
16/12/2020 23:00           0           0           0           0           0           0
17/12/2020 00:00           0           0           0           0           0           0
17/12/2020 01:00           0           0           0           0           0           0
17/12/2020 02:00           0           0           0           0           0           0
17/12/2020 03:00           0           0           0           0           0           0
17/12/2020 04:00           0           0           0           0           0           0
17/12/2020 05:00           0           0           0           0           0           0
17/12/2020 06:00           0           0           0           0           0           0
17/12/2020 07:00           0           0           0           0           0           0
17/12/2020 08:00           0           0           0           0           0           0
17/12/2020 09:00           0          33          67          11          88         327
17/12/2020 10:00         433         506         832        1140        1407        1051
17/12/2020 11:00         654         379         702         645         718         579
17/12/2020 12:00         478         432         300         321         469         567
17/12/2020 13:00         646         988         999        1041         703         688
17/12/2020 14:00         826         558         435         608         603        1114
17/12/2020 15:00         642         332         393         370         444         353
17/12/2020 16:00         192         160          77           0           0           0
17/12/2020 17:00           0           0           0           0           0           0
17/12/2020 18:00           0           0           0           0           0           0
17/12/2020 19:00           0           0           0           0           0           0
17/12/2020 20:00           0           0           0           0           0           0
17/12/2020 21:00           0           0           0           0           0           0
17/12/2020 22:00           0           0           0           0           0           0
17/12/2020 23:00           0           0           0           0           0           0
18/12/2020 00:00           0           0           0           0           0           0
18/12/2020 01:00           0           0           0           0           0           0
18/12/2020 02:00           0           0           0           0           0           0
18/12/2020 03:00           0           0           0           0           0           0
18/12/2020 04:00           0           0           0           0           0           0
18/12/2020 05:00           0           0           0           0           0           0
18/12/2020 06:00           0           0           0           0           0           0
18/12/2020 07:00           0           0           0           0           0           0
18/12/2020 08:00           0           0           0           0           0           0
18/12/2020 09:00          62         325         448         615         780         919
18/12/2020 10:00        1045        1221        1333        1457        1555        1747
18/12/2020 11:00        1895        2030        2068        2239        2366        2218
18/12/2020 12:00        1500        1518        2394        1648         944         940
18/12/2020 13:00        2062        2281        2229        2151        2037        1986
18/12/2020 14:00        1872        1721        1624        1501        1393        1236
18/12/2020 15:00        1024         865         863         722         528         373
18/12/2020 16:00         259         189         117           8           0           0
18/12/2020 17:00           0           0           0           0           0           0
18/12/2020 18:00           0           0           0           0           0           0
18/12/2020 19:00           0           0           0           0           0           0
18/12/2020 20:00           0           0           0           0           0           0
18/12/2020 21:00           0           0           0           0           0           0
18/12/2020 22:00           0           0           0           0           0           0
18/12/2020 23:00           0           0           0           0           0           0
19/12/2020 00:00           0           0           0           0           0           0
19/12/2020 01:00           0           0           0           0           0           0
19/12/2020 02:00           0           0           0           0           0           0
19/12/2020 03:00           0           0           0           0           0           0
19/12/2020 04:00           0           0           0           0           0           0
19/12/2020 05:00           0           0           0           0           0           0
19/12/2020 06:00           0           0           0           0           0           0
19/12/2020 07:00           0           0           0           0           0           0
19/12/2020 08:00           0           0           0           0           0           0
19/12/2020 09:00           0           0           0           0           0          81
19/12/2020 10:00         101          28          38         118         299         302
19/12/2020 11:00         397         340         422         406         334         223
19/12/2020 12:00         248         281         505         400         341         439
19/12/2020 13:00         658         704         897         858         631         506
19/12/2020 14:00         251         181         242         463         563         530
19/12/2020 15:00         360         251         193         241         319         219
19/12/2020 16:00         196          41           0           0           0           0
19/12/2020 17:00           0           0           0           0           0           0
19/12/2020 18:00           0           0           0           0           0           0
19/12/2020 19:00           0           0           0           0           0           0
19/12/2020 20:00           0           0           0           0           0           0
19/12/2020 21:00           0           0           0           0           0           0
19/12/2020 22:00           0           0           0           0           0           0
19/12/2020 23:00           0           0           0           0           0           0
20/12/2020 00:00           0           0           0           0           0           0
20/12/2020 01:00           0           0           0           0           0           0
20/12/2020 02:00           0           0           0           0           0           0
20/12/2020 03:00           0           0           0           0           0           0
20/12/2020 04:00           0           0           0           0           0           0
20/12/2020 05:00           0           0           0           0           0           0
20/12/2020 06:00           0           0           0           0           0           0
20/12/2020 07:00           0           0           0           0           0           0
20/12/2020 08:00           0           0           0           0           0           0
20/12/2020 09:00           0           0          31          82         199         155
20/12/2020 10:00         239         314         339         401         534        1718
20/12/2020 11:00        1266        1086        1343        1333        1443        1822
20/12/2020 12:00        1813        1272         871        1158        1622        2958
20/12/2020 13:00        2313        2316        1973        1861        1203        1971
20/12/2020 14:00        1702        1626        1563        1405        1270        1204
20/12/2020 15:00        1012         778         527         615         470         288
20/12/2020 16:00         168          48           4           0           0           0
20/12/2020 17:00           0           0           0           0           0           0
20/12/2020 18:00           0           0           0           0           0           0
20/12/2020 19:00           0           0           0           0           0           0
20/12/2020 20:00           0           0           0           0           0           0
20/12/2020 21:00           0           0           0           0           0           0
20/12/2020 22:00           0           0           0           0           0           0
20/12/2020 23:00           0           0           0           0           0           0
21/12/2020 00:00           0           0           0           0           0           0
21/12/2020 01:00           0           0           0           0           0           0
21/12/2020 02:00           0           0           0           0           0           0
21/12/2020 03:00           0           0           0           0           0           0
21/12/2020 04:00           0           0           0           0           0           0
21/12/2020 05:00           0           0           0           0           0           0
21/12/2020 06:00           0           0           0           0           0           0
21/12/2020 07:00           0           0           0           0           0           0
21/12/2020 08:00           0           0           0           0           0           0
21/12/2020 09:00           0           0           0           0           0           0
21/12/2020 10:00           0           0           0           0           0           0
21/12/2020 11:00          33          75          77          13           0          34
21/12/2020 12:00          17         139         274         267         281         356
21/12/2020 13:00         248         150          91         224         191         180
21/12/2020 14:00         199         262         208          42         145         202
21/12/2020 15:00         173          81           0           0           0           0
21/12/2020 16:00           0           0           0           0           0           0
21/12/2020 17:00           0           0           0           0           0           0
21/12/2020 18:00           0           0           0           0           0           0
21/12/2020 19:00           0           0           0           0           0           0
21/12/2020 20:00           0           0           0           0           0           0
21/12/2020 21:00           0           0           0           0           0           0
21/12/2020 22:00           0           0           0           0           0           0
21/12/2020 23:00           0           0           0           0           0           0
22/12/2020 00:00           0           0           0           0           0           0
22/12/2020 01:00           0           0           0           0           0           0
22/12/2020 02:00           0           0           0           0           0           0
22/12/2020 03:00           0           0           0           0           0           0
22/12/2020 04:00           0           0           0           0           0           0
22/12/2020 05:00           0           0           0           0           0           0
22/12/2020 06:00           0           0           0           0           0           0
22/12/2020 07:00           0           0           0           0           0           0
22/12/2020 08:00           0           0           0           0           0           0
22/12/2020 09:00           0           0           0          40          52           0
22/12/2020 10:00           0          86          82          58          74          65
22/12/2020 11:00          10          84          80          88          91         295
22/12/2020 12:00         428         605         386         272         353         425
22/12/2020 13:00         568         384         260         192         276         223
22/12/2020 14:00         194         274         233         160         123         384
22/12/2020 15:00         230         168         102         130         142          52
22/12/2020 16:00           0           0           0           0           0           0
22/12/2020 17:00           0           0           0           0           0           0
22/12/2020 18:00           0           0           0           0           0           0
22/12/2020 19:00           0           0           0           0           0           0
22/12/2020 20:00           0           0           0           0           0           0
22/12/2020 21:00           0           0           0           0           0           0
22/12/2020 22:00           0           0           0           0           0           0
22/12/2020 23:00           0           0           0           0           0           0
23/12/2020 00:00           0           0           0           0           0           0
23/12/2020 01:00           0           0           0           0           0           0
23/12/2020 02:00           0           0           0           0           0           0
23/12/2020 03:00           0           0           0           0           0           0
23/12/2020 04:00           0           0           0           0           0           0
23/12/2020 05:00           0           0           0           0           0           0
23/12/2020 06:00           0           0           0           0           0           0
23/12/2020 07:00           0           0           0           0           0           0
23/12/2020 08:00           0           0           0           0           0           0
23/12/2020 09:00           0           0           0           0           0           0
23/12/2020 10:00           0           0          46          16          35           7
23/12/2020 11:00           0           0          21         351         479         303
23/12/2020 12:00         248         436         470         661         413         475
23/12/2020 13:00         276         263         326         370         235         345
23/12/2020 14:00         431         224         123         204         211         237
23/12/2020 15:00          44          91          64         141          55         170
23/12/2020 16:00           0          30         139           0           0           0
23/12/2020 17:00           0           0           0           0           0           0
23/12/2020 18:00           0           0           0           0           0           0
23/12/2020 19:00           0           0           0           0           0           0
23/12/2020 20:00           0           0           0           0           0           0
23/12/2020 21:00           0           0           0           0           0           0
23/12/2020 22:00           0           0           0           0           0           0
23/12/2020 23:00           0           0           0           0           0           0
24/12/2020 00:00           0           0           0           0           0           0
24/12/2020 01:00           0           0           0           0           0           0
24/12/2020 02:00           0           0           0           0           0           0
24/12/2020 03:00           0           0           0           0           0           0
24/12/2020 04:00           0           0           0           0           0           0
24/12/2020 05:00           0           0           0           0           0           0
24/12/2020 06:00           0           0           0           0           0           0
24/12/2020 07:00           0           0           0           0           0           0
24/12/2020 08:00           0           0           0           0           0           0
24/12/2020 09:00           0           0          35          52           0           1
24/12/2020 10:00          20          92         232         330         283         256
24/12/2020 11:00         342         361         342         383         336         251
24/12/2020 12:00         418         344         484         430         683         415
24/12/2020 13:00         681         698         714        1142         946         719
24/12/2020 14:00         690         906         892         772         454         411
24/12/2020 15:00         408         219         235         121           2         159
24/12/2020 16:00         122          28          19           0           0           0
24/12/2020 17:00           0           0           0           0           0           0
24/12/2020 18:00           0           0           0           0           0           0
24/12/2020 19:00           0           0           0           0           0           0
24/12/2020 20:00           0           0           0           0           0           0
24/12/2020 21:00           0           0           0           0           0           0
24/12/2020 22:00           0           0           0           0           0           0
24/12/2020 23:00           0           0           0           0           0           0
25/12/2020 00:00           0           0           0           0           0           0
25/12/2020 01:00           0           0           0           0           0           0
25/12/2020 02:00           0           0           0           0           0           0
25/12/2020 03:00           0           0           0           0           0           0
25/12/2020 04:00           0           0           0           0           0           0
25/12/2020 05:00           0           0           0           0           0           0
25/12/2020 06:00           0           0           0           0           0           0
25/12/2020 07:00           0           0           0           0           0           0
25/12/2020 08:00           0           0           0           0           0           0
25/12/2020 09:00           3          37         173         255         423         842
25/12/2020 10:00         730         857        1127         908        1648        1499
25/12/2020 11:00        1173         660         521         987         938        1233
25/12/2020 12:00        1360        1223        1886        1843        2224        3028
25/12/2020 13:00        2419        1546        2414        2039        1030        1760
25/12/2020 14:00        1595        1635        1054        1259         432         875
25/12/2020 15:00        1198         665        1002         639         659          98
25/12/2020 16:00         108         141          45           0           0           0
25/12/2020 17:00           0           0           0           0           0           0
25/12/2020 18:00           0           0           0           0           0           0
25/12/2020 19:00           0           0           0           0           0           0
25/12/2020 20:00           0           0           0           0           0           0
25/12/2020 21:00           0           0           0           0           0           0
25/12/2020 22:00           0           0           0           0           0           0
25/12/2020 23:00           0           0           0           0           0           0
26/12/2020 00:00           0           0           0           0           0           0
26/12/2020 01:00           0           0           0           0           0           0
26/12/2020 02:00           0           0           0           0           0           0
26/12/2020 03:00           0           0           0           0           0           0
26/12/2020 04:00           0           0           0           0           0           0
26/12/2020 05:00           0           0           0           0           0           0
26/12/2020 06:00           0           0           0           0           0           0
26/12/2020 07:00           0           0           0           0           0           0
26/12/2020 08:00           0           0           0           0           0           3
26/12/2020 09:00          32         119         306         413         843         643
26/12/2020 10:00         721         864         621        1239        1593        1744
26/12/2020 11:00        1885        2009        2135        2261        2471        2609
26/12/2020 12:00        2541        2602        2655        2395        2619        2594
26/12/2020 13:00        2726        2461        2068        1306        1093         982
26/12/2020 14:00         802         703         779         918         651         662
26/12/2020 15:00         551         656         612         624         519         588
26/12/2020 16:00         439         218         156          67           7           0
26/12/2020 17:00           0           0           0           0           0           0
26/12/2020 18:00           0           0           0           0           0           0
26/12/2020 19:00           0           0           0           0           0           0
26/12/2020 20:00           0           0           0           0           0           0
26/12/2020 21:00           0           0           0           0           0           0
26/12/2020 22:00           0           0           0           0           0           0
26/12/2020 23:00           0           0           0           0           0           0
27/12/2020 00:00           0           0           0           0           0           0
27/12/2020 01:00           0           0           0           0           0           0
27/12/2020 02:00           0           0           0           0           0           0
27/12/2020 03:00           0           0           0           0           0           0
27/12/2020 04:00           0           0           0           0           0           0
27/12/2020 05:00           0           0           0           0           0           0
27/12/2020 06:00           0           0           0           0           0           0
27/12/2020 07:00           0           0           0           0           0           0
27/12/2020 08:00           0           0           0           0           0           0
27/12/2020 09:00           0           0           0           0           0           0
27/12/2020 10:00           4          36          41          95          27          88
27/12/2020 11:00          49          92          62          55         121         135
27/12/2020 12:00         154         189         101         184         152         203
27/12/2020 13:00         109          88          33          42         106         134
27/12/2020 14:00          74          39          29          13          14           8
27/12/2020 15:00          10          27          79          12           0           0
27/12/2020 16:00           0           0           0           0           0           0
27/12/2020 17:00           0           0           0           0           0           0
27/12/2020 18:00           0           0           0           0           0           0
27/12/2020 19:00           0           0           0           0           0           0
27/12/2020 20:00           0           0           0           0           0           0
27/12/2020 21:00           0           0           0           0           0           0
27/12/2020 22:00           0           0           0           0           0           0
27/12/2020 23:00           0           0           0           0           0           0
28/12/2020 00:00           0           0           0           0           0           0
28/12/2020 01:00           0           0           0           0           0           0
28/12/2020 02:00           0           0           0           0           0           0
28/12/2020 03:00           0           0           0           0           0           0
28/12/2020 04:00           0           0           0           0           0           0
28/12/2020 05:00           0           0           0           0           0           0
28/12/2020 06:00           0           0           0           0           0           0
28/12/2020 07:00           0           0           0           0           0           0
28/12/2020 08:00           0           0           0           0           0           0
28/12/2020 09:00           0           0           0           0         104         156
28/12/2020 10:00         214         329         192         184         706        1542
28/12/2020 11:00        1172        1401        1649        1930        1533        2037
28/12/2020 12:00        1629        1316        1433        1209        1189        1752
28/12/2020 13:00        1692        1271        1381         882         621         526
28/12/2020 14:00         601         336         437         494         247         214
28/12/2020 15:00         135          21           0           0           0           0
28/12/2020 16:00           0           0           0           0           0           0
28/12/2020 17:00           0           0           0           0           0           0
28/12/2020 18:00           0           0           0           0           0           0
28/12/2020 19:00           0           0           0           0           0           0
28/12/2020 20:00           0           0           0           0           0           0
28/12/2020 21:00           0           0           0           0           0           0
28/12/2020 22:00           0           0           0           0           0           0
28/12/2020 23:00           0           0           0           0           0           0
29/12/2020 00:00           0           0           0           0           0           0
29/12/2020 01:00           0           0           0           0           0           0
29/12/2020 02:00           0           0           0           0           0           0
29/12/2020 03:00           0           0           0           0           0           0
29/12/2020 04:00           0           0           0           0           0           0
29/12/2020 05:00           0           0           0           0           0           0
29/12/2020 06:00           0           0           0           0           0           0
29/12/2020 07:00           0           0           0           0           0           0
29/12/2020 08:00           0           0           0           0           0          38
29/12/2020 09:00         210         258         310         509         492         700
29/12/2020 10:00         885         902         532         530         867         952
29/12/2020 11:00        1227         575         432         196         229         411
29/12/2020 12:00         308         210         149         166         212         182
29/12/2020 13:00         190         170         109          67         153         159
29/12/2020 14:00         189         246         177         144         190         340
29/12/2020 15:00         260         197         120         115          92         164
29/12/2020 16:00         125          40           0           0           0           0
29/12/2020 17:00           0           0           0           0           0           0
29/12/2020 18:00           0           0           0           0           0           0
29/12/2020 19:00           0           0           0           0           0           0
29/12/2020 20:00           0           0           0           0           0           0
29/12/2020 21:00           0           0           0           0           0           0
29/12/2020 22:00           0           0           0           0           0           0
29/12/2020 23:00           0           0           0           0           0           0
30/12/2020 00:00           0           0           0           0           0           0
30/12/2020 01:00           0           0           0           0           0           0
30/12/2020 02:00           0           0           0           0           0           0
30/12/2020 03:00           0           0           0           0           0           0
30/12/2020 04:00           0           0           0           0           0           0
30/12/2020 05:00           0           0           0           0           0           0
30/12/2020 06:00           0           0           0           0           0           0
30/12/2020 07:00           0           0           0           0           0           0
30/12/2020 08:00           0           0           0           0           0           0
30/12/2020 09:00           0         153         273         672         720         301
30/12/2020 10:00         274         379         385         408         402         877
30/12/2020 11:00        1558        1727        2263        1302        1341        1584
30/12/2020 12:00        1606        1590        2212        1630        1435        2372
30/12/2020 13:00        2051        2517        1740         871        1575        1931
30/12/2020 14:00        1152         806         819         348         497         524
30/12/2020 15:00         303         384         455         623         240         178
30/12/2020 16:00         310         253         125          25           0           0
30/12/2020 17:00           0           0           0           0           0           0
30/12/2020 18:00           0           0           0           0           0           0
30/12/2020 19:00           0           0           0           0           0           0
30/12/2020 20:00           0           0           0           0           0           0
30/12/2020 21:00           0           0           0           0           0           0
30/12/2020 22:00           0           0           0           0           0           0
30/12/2020 23:00           0           0           0           0           0           0
31/12/2020 00:00           0           0           0           0           0           0
31/12/2020 01:00           0           0           0           0           0           0
31/12/2020 02:00           0           0           0           0           0           0
31/12/2020 03:00           0           0           0           0           0           0
31/12/2020 04:00           0           0           0           0           0           0
31/12/2020 05:00           0           0           0           0           0           0
31/12/2020 06:00           0           0           0           0           0           0
31/12/2020 07:00           0           0           0           0           0           0
31/12/2020 08:00           0           0           0           0           0           0
31/12/2020 09:00           0           0           0           0           0           1
31/12/2020 10:00         177         204          14           2           1          60
31/12/2020 11:00         180         257         387         415         363         334
31/12/2020 12:00         469         649         522         285         425         448
31/12/2020 13:00         681        1068         618         732         854         713
31/12/2020 14:00         478         246         305         233         217         225
31/12/2020 15:00         238         393         452         721         567         287
31/12/2020 16:00         199         189         133          34           0           0
31/12/2020 17:00           0           0           0           0           0           0
31/12/2020 18:00           0           0           0           0           0           0
31/12/2020 19:00           0           0           0           0           0           0
31/12/2020 20:00           0           0           0           0           0           0
31/12/2020 21:00           0           0           0           0           0           0
31/12/2020 22:00           0           0           0           0           0           0
31/12/2020 23:00           0           0           0           0           0           0
01/01/2021 00:00           0           0           0           0           0           0
01/01/2021 01:00           0           0           0           0           0           0
