01/02/2021 02:00           0           0           0           0           0           0
01/02/2021 03:00           0           0           0           0           0           0
01/02/2021 04:00           0           0           0           0           0           0
01/02/2021 05:00           0           0           0           0           0           0
01/02/2021 06:00           0           0           0           0           0           0
01/02/2021 07:00           0           0           0           0           0           0
01/02/2021 08:00           0           0           0           0           0           0
01/02/2021 09:00           0          78         332         462         573         704
01/02/2021 10:00         472         375         374         825         782         488
01/02/2021 11:00         386         151         439        2246        1637        1425
01/02/2021 12:00        1672        1500        1013         383         746        1037
01/02/2021 13:00         802         585         978         957         786         468
01/02/2021 14:00         263         404         337         303         178         138
01/02/2021 15:00         400         500         487         350         262         310
01/02/2021 16:00         399         516         262          77         167         197
01/02/2021 17:00          10           0           0           0           0           0
01/02/2021 18:00           0           0           0           0           0           0
01/02/2021 19:00           0           0           0           0           0           0
01/02/2021 20:00           0           0           0           0           0           0
01/02/2021 21:00           0           0           0           0           0           0
01/02/2021 22:00           0           0           0           0           0           0
01/02/2021 23:00           0           0           0           0           0           0
02/02/2021 00:00           0           0           0           0           0           0
02/02/2021 01:00           0           0           0           0           0           0
02/02/2021 02:00           0           0           0           0           0           0
02/02/2021 03:00           0           0           0           0           0           0
02/02/2021 04:00           0           0           0           0           0           0
02/02/2021 05:00           0           0           0           0           0           0
02/02/2021 06:00           0           0           0           0           0           0
02/02/2021 07:00           0           0           0           0           0           0
02/02/2021 08:00           0           0           0           0           0           0
02/02/2021 09:00         121         131         169         256         538         421
02/02/2021 10:00         569         665         560         724        1053         746
02/02/2021 11:00         575         710        1226        1689        1426        2014
02/02/2021 12:00        1063         206         150         392        1174         614
02/02/2021 13:00         895         967         545         931        1080         485
02/02/2021 14:00         260        1049         538        1357        2847         994
02/02/2021 15:00         796        1232        1199         546         332         114
02/02/2021 16:00         425         921         676         513         637         442
02/02/2021 17:00         431         146           0           0           0           0
02/02/2021 18:00           0           0           0           0           0           0
02/02/2021 19:00           0           0           0           0           0           0
02/02/2021 20:00           0           0           0           0           0           0
02/02/2021 21:00           0           0           0           0           0           0
02/02/2021 22:00           0           0           0           0           0           0
02/02/2021 23:00           0           0           0           0           0           0
03/02/2021 00:00           0           0           0           0           0           0
03/02/2021 01:00           0           0           0           0           0           0
03/02/2021 02:00           0           0           0           0           0           0
03/02/2021 03:00           0           0           0           0           0           0
03/02/2021 04:00           0           0           0           0           0           0
03/02/2021 05:00           0           0           0           0           0           0
03/02/2021 06:00           0           0           0           0           0           0
03/02/2021 07:00           0           0           0           0           0           0
03/02/2021 08:00           0           0           0           0           0           0
03/02/2021 09:00           0           2         239         232         488         585
03/02/2021 10:00         451         584         660        1076         845         926
03/02/2021 11:00        1932         955         736         954         730        1021
03/02/2021 12:00         607         944        1223        1659        1742        1400
03/02/2021 13:00        1329        1188        1291        1239        2058        1087
03/02/2021 14:00         675         466         494         753        1459         899
03/02/2021 15:00        1069        1187         449         273         118         858
03/02/2021 16:00         703         405          58         334         371         305
03/02/2021 17:00         212          49           2           0           0           0
03/02/2021 18:00           0           0           0           0           0           0
03/02/2021 19:00           0           0           0           0           0           0
03/02/2021 20:00           0           0           0           0           0           0
03/02/2021 21:00           0           0           0           0           0           0
03/02/2021 22:00           0           0           0           0           0           0
03/02/2021 23:00           0           0           0           0           0           0
04/02/2021 00:00           0           0           0           0           0           0
04/02/2021 01:00           0           0           0           0           0           0
04/02/2021 02:00           0           0           0           0           0           0
04/02/2021 03:00           0           0           0           0           0           0
04/02/2021 04:00           0           0           0           0           0           0
04/02/2021 05:00           0           0           0           0           0           0
04/02/2021 06:00           0           0           0           0           0           0
04/02/2021 07:00           0           0           0           0           0           0
04/02/2021 08:00           0           0           0           2          95         220
04/02/2021 09:00         395         804         911         911         703         983
04/02/2021 10:00        1275        1670        1724        1352        1055         901
04/02/2021 11:00        1077        1415        1328        1598        1439        1476
04/02/2021 12:00        1502        1141        1344        1410        1435        1409
04/02/2021 13:00         843         939         954        1016        1505        1662
04/02/2021 14:00        2035        2089        2404        2245        1754        1484
04/02/2021 15:00        1691        1748        1111         899        1328        1326
04/02/2021 16:00        1269        1119         782         652         483         321
04/02/2021 17:00         204         108          37          32           0           0
04/02/2021 18:00           0           0           0           0           0           0
04/02/2021 19:00           0           0           0           0           0           0
04/02/2021 20:00           0           0           0           0           0           0
04/02/2021 21:00           0           0           0           0           0           0
04/02/2021 22:00           0           0           0           0           0           0
04/02/2021 23:00           0           0           0           0           0           0
05/02/2021 00:00           0           0           0           0           0           0
05/02/2021 01:00           0           0           0           0           0           0
05/02/2021 02:00           0           0           0           0           0           0
05/02/2021 03:00           0           0           0           0           0           0
05/02/2021 04:00           0           0           0           0           0           0
05/02/2021 05:00           0           0           0           0           0           0
05/02/2021 06:00           0           0           0           0           0           0
05/02/2021 07:00           0           0           0           0           0           0
05/02/2021 08:00           0           0           0           0           2         185
05/02/2021 09:00         449         435         898         615         790         820
05/02/2021 10:00        1195         392         555         617        1202        1051
05/02/2021 11:00        1350        1997        1586        1874        2409        3452
05/02/2021 12:00        1671        2110        1626        1914        1714        1626
05/02/2021 13:00        1610        2050        2473        1813        1610        2642
05/02/2021 14:00        2171        1540        2000        1205        1455        1392
05/02/2021 15:00        1562        1367        1209        1466        1316        1354
05/02/2021 16:00        1032         602         378         405         460         412
05/02/2021 17:00         334         206          48           0           0           0
05/02/2021 18:00           0           0           0           0           0           0
05/02/2021 19:00           0           0           0           0           0           0
05/02/2021 20:00           0           0           0           0           0           0
05/02/2021 21:00           0           0           0           0           0           0
05/02/2021 22:00           0           0           0           0           0           0
05/02/2021 23:00           0           0           0           0           0           0
06/02/2021 00:00           0           0           0           0           0           0
06/02/2021 01:00           0           0           0           0           0           0
06/02/2021 02:00           0           0           0           0           0           0
06/02/2021 03:00           0           0           0           0           0           0
06/02/2021 04:00           0           0           0           0           0           0
06/02/2021 05:00           0           0           0           0           0           0
06/02/2021 06:00           0           0           0           0           0           0
06/02/2021 07:00           0           0           0           0           0           0
06/02/2021 08:00           0           0           0           0           0           0
06/02/2021 09:00           0          31          42          70         147         162
06/02/2021 10:00         302         550         632         688         710         688
06/02/2021 11:00         728        1009         840         814         721         855
06/02/2021 12:00         734         517         289         292         350         348
06/02/2021 13:00         412         307         295         288         207         207
06/02/2021 14:00         100          18           0           0           0           0
06/02/2021 15:00           0           0           0           0           0           0
06/02/2021 16:00           0           0           0           0           0           0
06/02/2021 17:00           0           0           0           0           0           0
06/02/2021 18:00           0           0           0           0           0           0
06/02/2021 19:00           0           0           0           0           0           0
06/02/2021 20:00           0           0           0           0           0           0
06/02/2021 21:00           0           0           0           0           0           0
06/02/2021 22:00           0           0           0           0           0           0
06/02/2021 23:00           0           0           0           0           0           0
07/02/2021 00:00           0           0           0           0           0           0
07/02/2021 01:00           0           0           0           0           0           0
07/02/2021 02:00           0           0           0           0           0           0
07/02/2021 03:00           0           0           0           0           0           0
07/02/2021 04:00           0           0           0           0           0           0
07/02/2021 05:00           0           0           0           0           0           0
07/02/2021 06:00           0           0           0           0           0           0
07/02/2021 07:00           0           0           0           0           0           0
07/02/2021 08:00           0           0           0           0           0           0
07/02/2021 09:00           0           1           0           0           1           2
07/02/2021 10:00         164         207         266         413         413         338
07/02/2021 11:00         221         298         318         479         607         638
07/02/2021 12:00         552         379         554         441         242         274
07/02/2021 13:00         348         262         426         460         292         194
07/02/2021 14:00         280         370         210         140         307         271
07/02/2021 15:00         266         308         322          79         194          84
07/02/2021 16:00         102         129         165          31           0           0
07/02/2021 17:00           0           0           0           0           0           0
07/02/2021 18:00           0           0           0           0           0           0
07/02/2021 19:00           0           0           0           0           0           0
07/02/2021 20:00           0           0           0           0           0           0
07/02/2021 21:00           0           0           0           0           0           0
07/02/2021 22:00           0           0           0           0           0           0
07/02/2021 23:00           0           0           0           0           0           0
08/02/2021 00:00           0           0           0           0           0           0
08/02/2021 01:00           0           0           0           0           0           0
08/02/2021 02:00           0           0           0           0           0           0
08/02/2021 03:00           0           0           0           0           0           0
08/02/2021 04:00           0           0           0           0           0           0
08/02/2021 05:00           0           0           0           0           0           0
08/02/2021 06:00           0           0           0           0           0           0
08/02/2021 07:00           0           0           0           0           0           0
08/02/2021 08:00           0           0           0           0           0           0
08/02/2021 09:00           0           0           0           0           0           0
08/02/2021 10:00           0           0           0           0           1           1
08/02/2021 11:00           2           1           2           2         174         162
08/02/2021 12:00         130         216         217         210         269         292
08/02/2021 13:00         238         228         215         183         175         172
08/02/2021 14:00         172         130         141         138         129         125
08/02/2021 15:00          76          61          69          40          56          40
08/02/2021 16:00          61          61          60          31           6           0
08/02/2021 17:00           0           0           0           0           0           0
08/02/2021 18:00           0           0           0           0           0           0
08/02/2021 19:00           0           0           0           0           0           0
08/02/2021 20:00           0           0           0           0           0           0
08/02/2021 21:00           0           0           0           0           0           0
08/02/2021 22:00           0           0           0           0           0           0
08/02/2021 23:00           0           0           0           0           0           0
09/02/2021 00:00           0           0           0           0           0           0
09/02/2021 01:00           0           0           0           0           0           0
09/02/2021 02:00           0           0           0           0           0           0
09/02/2021 03:00           0           0           0           0           0           0
09/02/2021 04:00           0           0           0           0           0           0
09/02/2021 05:00           0           0           0           0           0           0
09/02/2021 06:00           0           0           0           0           0           0
09/02/2021 07:00           0           0           0           0           0           0
09/02/2021 08:00           0           0           0           0           0           0
09/02/2021 09:00           0           0           0           0           0           0
09/02/2021 10:00           1           1           1           2           2           2
09/02/2021 11:00           2           2           2           3         165         201
09/02/2021 12:00         202         214         205         203         198         202
09/02/2021 13:00         226         211         195         181         191         222
09/02/2021 14:00         197         187         185         192         227         182
09/02/2021 15:00         218         137          84          20           2         124
09/02/2021 16:00         158         136         115          19           1           0
09/02/2021 17:00           0           0           0           0           0           0
09/02/2021 18:00           0           0           0           0           0           0
09/02/2021 19:00           0           0           0           0           0           0
09/02/2021 20:00           0           0           0           0           0           0
09/02/2021 21:00           0           0           0           0           0           0
09/02/2021 22:00           0           0           0           0           0           0
09/02/2021 23:00           0           0           0           0           0           0
10/02/2021 00:00           0           0           0           0           0           0
10/02/2021 01:00           0           0           0           0           0           0
10/02/2021 02:00           0           0           0           0           0           0
10/02/2021 03:00           0           0           0           0           0           0
10/02/2021 04:00           0           0           0           0           0           0
10/02/2021 05:00           0           0           0           0           0           0
10/02/2021 06:00           0           0           0           0           0           0
10/02/2021 07:00           0           0           0           0           0           0
10/02/2021 08:00           0           0           0           1           0           2
10/02/2021 09:00           2         121         214         260         330         369
10/02/2021 10:00         423         515         501         890         772        1127
10/02/2021 11:00        1517        1813        2156        2381        2840        3354
10/02/2021 12:00        3874        4276        4556        4825        4974        5124
10/02/2021 13:00        5236        5264        5223        5194        5016        4967
10/02/2021 14:00        4835        4659        4574        4379        4186        3937
10/02/2021 15:00        3716        3449        3186        2893        2595        2274
10/02/2021 16:00        1991        1695        1501        1142         837         729
10/02/2021 17:00         513         311         249         198         108           1
10/02/2021 18:00           0           0           0           0           0           0
10/02/2021 19:00           0           0           0           0           0           0
10/02/2021 20:00           0           0           0           0           0           0
10/02/2021 21:00           0           0           0           0           0           0
10/02/2021 22:00           0           0           0           0           0           0
10/02/2021 23:00           0           0           0           0           0           0
11/02/2021 00:00           0           0           0           0           0           0
11/02/2021 01:00           0           0           0           0           0           0
11/02/2021 02:00           0           0           0           0           0           0
11/02/2021 03:00           0           0           0           0           0           0
11/02/2021 04:00           0           0           0           0           0           0
11/02/2021 05:00           0           0           0           0           0           0
11/02/2021 06:00           0           0           0           0           0           0
11/02/2021 07:00           0           0           0           0           0           0
11/02/2021 08:00           0           1          33         312         539         701
11/02/2021 09:00         755        1053        1435        1688        2061        2400
11/02/2021 10:00        2753        3120        3518        3730        4045        4190
11/02/2021 11:00        4440        4661        4890        4997        5138        5263
11/02/2021 12:00        5185        5385        5411        5241        5479        5462
11/02/2021 13:00        5222        3758        4383        4545        4119        3961
11/02/2021 14:00        4182        4422        3133        3063        3717        4039
11/02/2021 15:00        3737        3067        2977        3013        2514        1676
11/02/2021 16:00        1818        1680         969         880         651         603
11/02/2021 17:00         522         412         314         238         116           5
11/02/2021 18:00           0           0           0           0           0           0
11/02/2021 19:00           0           0           0           0           0           0
11/02/2021 20:00           0           0           0           0           0           0
11/02/2021 21:00           0           0           0           0           0           0
11/02/2021 22:00           0           0           0           0           0           0
11/02/2021 23:00           0           0           0           0           0           0
12/02/2021 00:00           0           0           0           0           0           0
12/02/2021 01:00           0           0           0           0           0           0
12/02/2021 02:00           0           0           0           0           0           0
12/02/2021 03:00           0           0           0           0           0           0
12/02/2021 04:00           0           0           0           0           0           0
12/02/2021 05:00           0           0           0           0           0           0
12/02/2021 06:00           0           0           0           0           0           0
12/02/2021 07:00           0           0           0           0           0           0
12/02/2021 08:00           0           1          20         245         327         426
12/02/2021 09:00         573         646         758         934        1045        1185
12/02/2021 10:00        1247        1347        1502        1742        1963        2054
12/02/2021 11:00        2138        2305        2341        2427        3237        3624
12/02/2021 12:00        3832        3946        3854        3208        3647        3005
12/02/2021 13:00        2809        3265        3442        3029        2970        2672
12/02/2021 14:00        2640        2607        3746        3796        3873        3404
12/02/2021 15:00        2972        3423        2306        1965        1993        1747
12/02/2021 16:00        1664        1479        1228         971         745         540
12/02/2021 17:00         414         318         235         152          31           0
12/02/2021 18:00           0           0           0           0           0           0
12/02/2021 19:00           0           0           0           0           0           0
12/02/2021 20:00           0           0           0           0           0           0
12/02/2021 21:00           0           0           0           0           0           0
12/02/2021 22:00           0           0           0           0           0           0
12/02/2021 23:00           0           0           0           0           0           0
13/02/2021 00:00           0           0           0           0           0           0
13/02/2021 01:00           0           0           0           0           0           0
13/02/2021 02:00           0           0           0           0           0           0
13/02/2021 03:00           0           0           0           0           0           0
13/02/2021 04:00           0           0           0           0           0           0
13/02/2021 05:00           0           0           0           0           0           0
13/02/2021 06:00           0           0           0           0           0           0
13/02/2021 07:00           0           0           0           0           0           0
13/02/2021 08:00           0           2         145         339         587         776
13/02/2021 09:00        1144        1520        1863        2170        2561        2955
13/02/2021 10:00        3258        3544        3858        4100        4339        4552
13/02/2021 11:00        4765        4941        5110        5228        5297        5305
13/02/2021 12:00        5392        5407        5534        5442        5327        5540
13/02/2021 13:00        5184        5551        5544        5520        5335        5378
13/02/2021 14:00        4639        4296        3908        3551        3656        3190
13/02/2021 15:00        2729        2541        1698        1805        1797        1360
13/02/2021 16:00        1169        1187        1129         968         843         697
13/02/2021 17:00         549         429         306         201          87          15
13/02/2021 18:00           0           0           0           0           0           0
13/02/2021 19:00           0           0           0           0           0           0
13/02/2021 20:00           0           0           0           0           0           0
13/02/2021 21:00           0           0           0           0           0           0
13/02/2021 22:00           0           0           0           0           0           0
13/02/2021 23:00           0           0           0           0           0           0
14/02/2021 00:00           0           0           0           0           0           0
14/02/2021 01:00           0           0           0           0           0           0
14/02/2021 02:00           0           0           0           0           0           0
14/02/2021 03:00           0           0           0           0           0           0
14/02/2021 04:00           0           0           0           0           0           0
14/02/2021 05:00           0           0           0           0           0           0
14/02/2021 06:00           0           0           0           0           0           0
14/02/2021 07:00           0           0           0           0           0           0
14/02/2021 08:00           0           1         153         357         595         866
14/02/2021 09:00        1184        1526        1888        2260        2546        2897
14/02/2021 10:00        3054        3169        3821        4089        4197        4512
14/02/2021 11:00        4691        4806        5049        5080        5251        5283
14/02/2021 12:00        3832        4982        5344        5501        5447        5223
14/02/2021 13:00        5413        5321        5226        4653        3734        4073
14/02/2021 14:00        3142        2453        1831        1870        1572        2402
14/02/2021 15:00        3657        2792        2129        2115        1424        1073
14/02/2021 16:00        1136        1056        1047         994         759         455
14/02/2021 17:00         226         225         205          71           0           0
14/02/2021 18:00           0           0           0           0           0           0
14/02/2021 19:00           0           0           0           0           0           0
14/02/2021 20:00           0           0           0           0           0           0
14/02/2021 21:00           0           0           0           0           0           0
14/02/2021 22:00           0           0           0           0           0           0
14/02/2021 23:00           0           0           0           0           0           0
15/02/2021 00:00           0           0           0           0           0           0
15/02/2021 01:00           0           0           0           0           0           0
15/02/2021 02:00           0           0           0           0           0           0
15/02/2021 03:00           0           0           0           0           0           0
15/02/2021 04:00           0           0           0           0           0           0
15/02/2021 05:00           0           0           0           0           0           0
15/02/2021 06:00           0           0           0           0           0           0
15/02/2021 07:00           0           0           0           0           0           0
15/02/2021 08:00           0           0           0          21         304         388
15/02/2021 09:00         429         555         501         623         690         635
15/02/2021 10:00         612         740         803         950        1020        1488
15/02/2021 11:00        1693        1433        1497        1221        1119        1376
15/02/2021 12:00        1639        1486        1262        1752        1643        1141
15/02/2021 13:00        1352        1050        1384        1448         814         767
15/02/2021 14:00         535         432         627         734         845         732
15/02/2021 15:00         548         463         507         643         911         647
15/02/2021 16:00         544         508         781         576         377         406
15/02/2021 17:00         404         259         292         163          51           0
15/02/2021 18:00           0           0           0           0           0           0
15/02/2021 19:00           0           0           0           0           0           0
15/02/2021 20:00           0           0           0           0           0           0
15/02/2021 21:00           0           0           0           0           0           0
15/02/2021 22:00           0           0           0           0           0           0
15/02/2021 23:00           0           0           0           0           0           0
16/02/2021 00:00           0           0           0           0           0           0
16/02/2021 01:00           0           0           0           0           0           0
16/02/2021 02:00           0           0           0           0           0           0
16/02/2021 03:00           0           0           0           0           0           0
16/02/2021 04:00           0           0           0           0           0           0
16/02/2021 05:00           0           0           0           0           0           0
16/02/2021 06:00           0           0           0           0           0           0
16/02/2021 07:00           0           0           0           0           0           0
16/02/2021 08:00           0          35         263         364         631         886
16/02/2021 09:00        1320        1358        1646        1906        2230        2884
16/02/2021 10:00        3120        3433        3300        3321        2814        3543
16/02/2021 11:00        4709        3669        3866        3391        3750        4657
16/02/2021 12:00        3706        2933        2302        1848        1977        2076
16/02/2021 13:00        2488        3322        3324        2983        2794        2574
16/02/2021 14:00        2210        2197        2238        2114        2190        1723
16/02/2021 15:00        1362        1624        1626        1402         851         796
16/02/2021 16:00         528         304         214         199         105           0
16/02/2021 17:00           0           0           0           0           0           0
16/02/2021 18:00           0           0           0           0           0           0
16/02/2021 19:00           0           0           0           0           0           0
16/02/2021 20:00           0           0           0           0           0           0
16/02/2021 21:00           0           0           0           0           0           0
16/02/2021 22:00           0           0           0           0           0           0
16/02/2021 23:00           0           0           0           0           0           0
17/02/2021 00:00           0           0           0           0           0           0
17/02/2021 01:00           0           0           0           0           0           0
17/02/2021 02:00           0           0           0           0           0           0
17/02/2021 03:00           0           0           0           0           0           0
17/02/2021 04:00           0           0           0           0           0           0
17/02/2021 05:00           0           0           0           0           0           0
17/02/2021 06:00           0           0           0           0           0           0
17/02/2021 07:00           0           0           0           0           0           0
17/02/2021 08:00           0           0           0         130         204         232
17/02/2021 09:00         328         437         349         433         590         562
17/02/2021 10:00        1246        1326        1315        1135         494         920
17/02/2021 11:00         930        1349        1840         788        1302        1967
17/02/2021 12:00        1656        1023        1285        2052        2251        1647
17/02/2021 13:00        2291        2299        3583        2275        2622        1992
17/02/2021 14:00         973        1552        1790        1598         884         933
17/02/2021 15:00        1130        1728        3637        1858        1192        2444
17/02/2021 16:00        2312        2091        1269         532         567         439
17/02/2021 17:00         567         640         344         290         184          34
17/02/2021 18:00           0           0           0           0           0           0
17/02/2021 19:00           0           0           0           0           0           0
17/02/2021 20:00           0           0           0           0           0           0
17/02/2021 21:00           0           0           0           0           0           0
17/02/2021 22:00           0           0           0           0           0           0
17/02/2021 23:00           0           0           0           0           0           0
18/02/2021 00:00           0           0           0           0           0           0
18/02/2021 01:00           0           0           0           0           0           0
18/02/2021 02:00           0           0           0           0           0           0
18/02/2021 03:00           0           0           0           0           0           0
18/02/2021 04:00           0           0           0           0           0           0
18/02/2021 05:00           0           0           0           0           0           0
18/02/2021 06:00           0           0           0           0           0           0
18/02/2021 07:00           0           0           0           0           0           0
18/02/2021 08:00           0           0           0           0           0           0
18/02/2021 09:00           0           0         209         476         563         525
18/02/2021 10:00         605         429         654         736         520         934
18/02/2021 11:00         590         411         879         832         665         838
18/02/2021 12:00         535         384         724         670         536         390
18/02/2021 13:00         549        1302        1527         568         285         394
18/02/2021 14:00         478         477         264         179         246         343
18/02/2021 15:00         363         337         373         314         206         252
18/02/2021 16:00         225         167         191         149          92           0
18/02/2021 17:00         142         167          24           0           0         126
18/02/2021 18:00          70           0           0           0           0           0
18/02/2021 19:00           0           0           0           0           0           0
18/02/2021 20:00           0           0           0           0           0           0
18/02/2021 21:00           0           0           0           0           0           0
18/02/2021 22:00           0           0           0           0           0           0
18/02/2021 23:00           0           0           0           0           0           0
19/02/2021 00:00           0           0           0           0           0           0
19/02/2021 01:00           0           0           0           0           0           0
19/02/2021 02:00           0           0           0           0           0           0
19/02/2021 03:00           0           0           0           0           0           0
19/02/2021 04:00           0           0           0           0           0           0
19/02/2021 05:00           0           0           0           0           0           0
19/02/2021 06:00           0           0           0           0           0           0
19/02/2021 07:00           0           0           0           0           0           0
19/02/2021 08:00           0          26         259         533         505         353
19/02/2021 09:00         283         215         429         724         789         756
19/02/2021 10:00        1020         813         988        1783        1018        1562
19/02/2021 11:00        1787        1771        1582        1883        1887        1869
19/02/2021 12:00        1828        1623        1796        1725        1763        2028
19/02/2021 13:00        3274        2755        2071        2488        3709        3568
19/02/2021 14:00        2153        2439        1999        1480        2898        3985
19/02/2021 15:00        3708        3125        1433        1698        1278        1624
19/02/2021 16:00        1561        1550        1001        1053         983        1036
19/02/2021 17:00         794         466         284         191         132          21
19/02/2021 18:00           0           0           0           0           0           0
19/02/2021 19:00           0           0           0           0           0           0
19/02/2021 20:00           0           0           0           0           0           0
19/02/2021 21:00           0           0           0           0           0           0
19/02/2021 22:00           0           0           0           0           0           0
19/02/2021 23:00           0           0           0           0           0           0
20/02/2021 00:00           0           0           0           0           0           0
20/02/2021 01:00           0           0           0           0           0           0
20/02/2021 02:00           0           0           0           0           0           0
20/02/2021 03:00           0           0           0           0           0           0
20/02/2021 04:00           0           0           0           0           0           0
20/02/2021 05:00           0           0           0           0           0           0
20/02/2021 06:00           0           0           0           0           0           0
20/02/2021 07:00           0           0           0           0           0           0
20/02/2021 08:00           1          30         295         560         726         986
20/02/2021 09:00        1217        1067        1554        2066        2618        2649
20/02/2021 10:00        3345        3886        4256        4065        4069        4323
20/02/2021 11:00        2815        3867        4105        2537        3892        3545
20/02/2021 12:00        4748        4398        4252        3832        4953        4478
20/02/2021 13:00        4393        2766        3924        3395        2754        2504
20/02/2021 14:00        2666        3207        4186        2050        1930        1885
20/02/2021 15:00        1974        1652        1630        2024        2379        2005
20/02/2021 16:00        1422        1543        1270        1436        1416         955
20/02/2021 17:00         733         489         390         291         197          75
20/02/2021 18:00           0           0           0           0           0           0
20/02/2021 19:00           0           0           0           0           0           0
20/02/2021 20:00           0           0           0           0           0           0
20/02/2021 21:00           0           0           0           0           0           0
20/02/2021 22:00           0           0           0           0           0           0
20/02/2021 23:00           0           0           0           0           0           0
21/02/2021 00:00           0           0           0           0           0           0
21/02/2021 01:00           0           0           0           0           0           0
21/02/2021 02:00           0           0           0           0           0           0
21/02/2021 03:00           0           0           0           0           0           0
21/02/2021 04:00           0           0           0           0           0           0
21/02/2021 05:00           0           0           0           0           0           0
21/02/2021 06:00           0           0           0           0           0           0
21/02/2021 07:00           0           0           0           0           0           0
21/02/2021 08:00         102         283         358         432         581         996
21/02/2021 09:00        1588        1929        2237        2659        2634        2692
21/02/2021 10:00        2188        2239        2673        2655        3275        3909
21/02/2021 11:00        4260        4649        4909        4529        4708        5084
21/02/2021 12:00        5085        5133        5040        4581        5120        4757
21/02/2021 13:00        4934        5305        5107        5160        5297        5187
21/02/2021 14:00        4743        4662        4043        4530        4388        4347
21/02/2021 15:00        4142        3930        3454        1271        1101         793
21/02/2021 16:00         552         544         497         433         404         397
21/02/2021 17:00         473         433         290         119           0           0
21/02/2021 18:00           0           0           0           0           0           0
21/02/2021 19:00           0           0           0           0           0           0
21/02/2021 20:00           0           0           0           0           0           0
21/02/2021 21:00           0           0           0           0           0           0
21/02/2021 22:00           0           0           0           0           0           0
21/02/2021 23:00           0           0           0           0           0           0
22/02/2021 00:00           0           0           0           0           0           0
22/02/2021 01:00           0           0           0           0           0           0
22/02/2021 02:00           0           0           0           0           0           0
22/02/2021 03:00           0           0           0           0           0           0
22/02/2021 04:00           0           0           0           0           0           0
22/02/2021 05:00           0           0           0           0           0           0
22/02/2021 06:00           0           0           0           0           0           0
22/02/2021 07:00           0           0           0           0           0           0
22/02/2021 08:00           0           0           0           0          57         352
22/02/2021 09:00         376         429         550         706         601         832
22/02/2021 10:00         639         785         748         439         466         713
22/02/2021 11:00         630         389         448         376         321         400
22/02/2021 12:00         582         879         681         625         612         619
22/02/2021 13:00         801         999        1269        1435         998         856
22/02/2021 14:00         901         832         818         793         618         522
22/02/2021 15:00         396         325         378         359         553         894
22/02/2021 16:00         830         463         266         257          52           0
22/02/2021 17:00           0           0           0           0           0           0
22/02/2021 18:00           0           0           0           0           0           0
22/02/2021 19:00           0           0           0           0           0           0
22/02/2021 20:00           0           0           0           0           0           0
22/02/2021 21:00           0           0           0           0           0           0
22/02/2021 22:00           0           0           0           0           0           0
22/02/2021 23:00           0           0           0           0           0           0
23/02/2021 00:00           0           0           0           0           0           0
23/02/2021 01:00           0           0           0           0           0           0
23/02/2021 02:00           0           0           0           0           0           0
23/02/2021 03:00           0           0           0           0           0           0
23/02/2021 04:00           0           0           0           0           0           0
23/02/2021 05:00           0           0           0           0           0           0
23/02/2021 06:00           0           0           0           0           0           0
23/02/2021 07:00           0           0           0           0           0           0
23/02/2021 08:00           0           0          21          95         172         221
23/02/2021 09:00         274         635         332         317         396         407
23/02/2021 10:00         972        1419        1435        2028        1784        2672
23/02/2021 11:00        3270        3338        4724        4921        5015        4707
23/02/2021 12:00        5203        5296        5353        5276        5442        5116
23/02/2021 13:00        5312        4104        4629        4631        3818        3961
23/02/2021 14:00        2636        2121        2344        2282        2245        1548
23/02/2021 15:00        1784        1456        1233        1107        2769        1901
23/02/2021 16:00        1123         936         855        1698        1462         721
23/02/2021 17:00         724         725         433         237         147          81
23/02/2021 18:00           0           0           0           0           0           0
23/02/2021 19:00           0           0           0           0           0           0
23/02/2021 20:00           0           0           0           0           0           0
23/02/2021 21:00           0           0           0           0           0           0
23/02/2021 22:00           0           0           0           0           0           0
23/02/2021 23:00           0           0           0           0           0           0
24/02/2021 00:00           0           0           0           0           0           0
24/02/2021 01:00           0           0           0           0           0           0
24/02/2021 02:00           0           0           0           0           0           0
24/02/2021 03:00           0           0           0           0           0           0
24/02/2021 04:00           0           0           0           0           0           0
24/02/2021 05:00           0           0           0           0           0           0
24/02/2021 06:00           0           0           0           0           0           0
24/02/2021 07:00           0           0           0           0           0           0
24/02/2021 08:00          87         294         454         661         920        1183
24/02/2021 09:00        1473        1778        2063        2353        2635        2956
24/02/2021 10:00        3218        3459        3696        3873        4082        4213
24/02/2021 11:00        4459        4615        4709        4917        4927        5081
24/02/2021 12:00        5141        5163        5235        5323        5277        5279
24/02/2021 13:00        5309        5279        5079        5152        5115        5012
24/02/2021 14:00        4987        4890        4708        4529        4344        4154
24/02/2021 15:00        3751        3760        3538        3272        3011        2773
24/02/2021 16:00        2499        2196        1877        1624        1367        1115
24/02/2021 17:00         901         705         539         413         313         224
24/02/2021 18:00          96           0           0           0           0           0
24/02/2021 19:00           0           0           0           0           0           0
24/02/2021 20:00           0           0           0           0           0           0
24/02/2021 21:00           0           0           0           0           0           0
24/02/2021 22:00           0           0           0           0           0           0
24/02/2021 23:00           0           0           0           0           0           0
25/02/2021 00:00           0           0           0           0           0           0
25/02/2021 01:00           0           0           0           0           0           0
25/02/2021 02:00           0           0           0           0           0           0
25/02/2021 03:00           0           0           0           0           0           0
25/02/2021 04:00           0           0           0           0           0           0
25/02/2021 05:00           0           0           0           0           0           0
25/02/2021 06:00           0           0           0           0           0           0
25/02/2021 07:00           0           0           0           0           0          98
25/02/2021 08:00         271         420         649         886        1136        1446
25/02/2021 09:00        1465         865         869        1122        2310        2623
25/02/2021 10:00        3341        3552        4100        4332        4267        2508
25/02/2021 11:00        3482        3740        3840        4489        4895        5053
25/02/2021 12:00        4720        4826        4522        5159        4848        4598
25/02/2021 13:00        3948        3574        3079        2831        3332        3849
25/02/2021 14:00        4553        4134        3089        3486        2861        3503
25/02/2021 15:00        2840        2404        2317        2121        2054        1390
25/02/2021 16:00        1652        1819        1743        1583        1336         781
25/02/2021 17:00         638         589         473         381         277         195
25/02/2021 18:00          95           7           0           0           0           0
25/02/2021 19:00           0           0           0           0           0           0
25/02/2021 20:00           0           0           0           0           0           0
25/02/2021 21:00           0           0           0           0           0           0
25/02/2021 22:00           0           0           0           0           0           0
25/02/2021 23:00           0           0           0           0           0           0
26/02/2021 00:00           0           0           0           0           0           0
26/02/2021 01:00           0           0           0           0           0           0
26/02/2021 02:00           0           0           0           0           0           0
26/02/2021 03:00           0           0           0           0           0           0
26/02/2021 04:00           0           0           0           0           0           0
26/02/2021 05:00           0           0           0           0           0           0
26/02/2021 06:00           0           0           0           0           0           0
26/02/2021 07:00           0           0           0           0           0           0
26/02/2021 08:00           0           0           0          78         298         426
26/02/2021 09:00         584         538         684        1134        1674         945
26/02/2021 10:00        2895        2093        1159        2857        4561        4986
26/02/2021 11:00        5028        4112        5337        3612        3393        3440
26/02/2021 12:00        2676        4898        4450        3428        5280        4679
26/02/2021 13:00        5451        4385        1745        5527        1950        1875
26/02/2021 14:00        3254        3512        4392        2706        3771        2582
26/02/2021 15:00        4188        1025        1732        2517        1477        3479
26/02/2021 16:00        3289        2582        2473        2079        1899        1948
26/02/2021 17:00        1133         469         532         323         161          94
26/02/2021 18:00          36           4           0           0           0           0
26/02/2021 19:00           0           0           0           0           0           0
26/02/2021 20:00           0           0           0           0           0           0
26/02/2021 21:00           0           0           0           0           0           0
26/02/2021 22:00           0           0           0           0           0           0
26/02/2021 23:00           0           0           0           0           0           0
27/02/2021 00:00           0           0           0           0           0           0
27/02/2021 01:00           0           0           0           0           0           0
27/02/2021 02:00           0           0           0           0           0           0
27/02/2021 03:00           0           0           0           0           0           0
27/02/2021 04:00           0           0           0           0           0           0
27/02/2021 05:00           0           0           0           0           0           0
27/02/2021 06:00           0           0           0           0           0           0
27/02/2021 07:00           0           0           0           0           1          64
27/02/2021 08:00         309         555         822        1109        1396        1728
27/02/2021 09:00        2065        2383        2694        3007        3335        3612
27/02/2021 10:00        3890        4144        4346        4530        4781        4958
27/02/2021 11:00        5136        5293        5387        5477        5515        5453
27/02/2021 12:00        5466        5479        5449        5512        5468        5472
27/02/2021 13:00        5426        5518        5476        5409        5469        5342
27/02/2021 14:00        5448        4832        4581        4849        5005        4934
27/02/2021 15:00        4590        4506        4238        4006        3764        3515
27/02/2021 16:00        3189        2929        2589        2246        1911        1579
27/02/2021 17:00        1213         897         607         345         243         175
27/02/2021 18:00         109           2           0           0           0           0
27/02/2021 19:00           0           0           0           0           0           0
27/02/2021 20:00           0           0           0           0           0           0
27/02/2021 21:00           0           0           0           0           0           0
27/02/2021 22:00           0           0           0           0           0           0
27/02/2021 23:00           0           0           0           0           0           0
28/02/2021 00:00           0           0           0           0           0           0
28/02/2021 01:00           0           0           0           0           0           0
28/02/2021 02:00           0           0           0           0           0           0
28/02/2021 03:00           0           0           0           0           0           0
28/02/2021 04:00           0           0           0           0           0           0
28/02/2021 05:00           0           0           0           0           0           0
28/02/2021 06:00           0           0           0           0           0           0
28/02/2021 07:00           0           0           0           0           0         143
28/02/2021 08:00         335         552         780        1002        1290        1688
28/02/2021 09:00        1990        2342        2707        2944        3112        3508
28/02/2021 10:00        3836        4215        4403        4593        4498        5111
28/02/2021 11:00        5306        5386        5464        5436        5507        5468
28/02/2021 12:00        5423        5461        5496        5452        5429        5467
28/02/2021 13:00        5425        5476        5429        5486        5463        5426
28/02/2021 14:00        5461        5439        5402        5218        5194        5035
28/02/2021 15:00        4817        4610        4364        4123        3849        3586
28/02/2021 16:00        3281        2979        2628        2265        1902        1604
28/02/2021 17:00        1269         961         662         419         248         170
28/02/2021 18:00         115          27           0           0           0           0
28/02/2021 19:00           0           0           0           0           0           0
28/02/2021 20:00           0           0           0           0           0           0
28/02/2021 21:00           0           0           0           0           0           0
28/02/2021 22:00           0           0           0           0           0           0
28/02/2021 23:00           0           0           0           0           0           0
01/03/2021 00:00           0           0           0           0           0           0
01/03/2021 01:00           0           0           0           0           0           0
