01/09/2020 02:00           0           0           0           0           0           0
01/09/2020 03:00           0           0           0           0           0           0
01/09/2020 04:00           0           0           0           0           0           0
01/09/2020 05:00           0           0           0           0           0           0
01/09/2020 06:00           0           0           0           0           0           0
01/09/2020 07:00           0           0           0          36          67         215
01/09/2020 08:00         537         834        1083        1334        1076        1768
01/09/2020 09:00        1664        1839        2761        3087        3406        3672
01/09/2020 10:00        3956        4187        4381        4586        4729        4862
01/09/2020 11:00        4975        5041        5199        5250        5450        4498
01/09/2020 12:00        3019        5642        5530        4170        5369        5444
01/09/2020 13:00        5558        5119        5380        5313        2126        1753
01/09/2020 14:00        2920        3601        4652        5663        5448        5261
01/09/2020 15:00        4523        1464        1697        4109        5338        3021
01/09/2020 16:00        1930        1605        1583        1701        1752        1749
01/09/2020 17:00        1666        1751        1675        1660        1497        1430
01/09/2020 18:00        1226        1073        1157        1059         989         880
01/09/2020 19:00         705         597         541         471         387         290
01/09/2020 20:00         185          56           0           0           0           0
01/09/2020 21:00           0           0           0           0           0           0
01/09/2020 22:00           0           0           0           0           0           0
01/09/2020 23:00           0           0           0           0           0           0
02/09/2020 00:00           0           0           0           0           0           0
02/09/2020 01:00           0           0           0           0           0           0
02/09/2020 02:00           0           0           0           0           0           0
02/09/2020 03:00           0           0           0           0           0           0
02/09/2020 04:00           0           0           0           0           0           0
02/09/2020 05:00           0           0           0           0           0           0
02/09/2020 06:00           0           0           0           0           0           0
02/09/2020 07:00           0           0          27         129         280         436
02/09/2020 08:00         621         843        1105        1389        1670        1970
02/09/2020 09:00        2276        2576        2881        3170        3449        3720
02/09/2020 10:00        3995        4250        4465        4651        4820        4937
02/09/2020 11:00        5038        5107        5197        5072        3932        3936
02/09/2020 12:00        3933        3836        3922        1764        4185        3442
02/09/2020 13:00        5650        5067        3475        4587        5303        5067
02/09/2020 14:00        4524        5526        5045        2662        4521        5307
02/09/2020 15:00        4361        5033        3721        3253        2481        4721
02/09/2020 16:00        4931        4630        4716        4722        3257        4187
02/09/2020 17:00        4223        3813        3535        3428        2748        2629
02/09/2020 18:00        2447        1226        1547        1685        1432         511
02/09/2020 19:00         491         412         490         420         325         216
02/09/2020 20:00          70           3           0           0           0           0
02/09/2020 21:00           0           0           0           0           0           0
02/09/2020 22:00           0           0           0           0           0           0
02/09/2020 23:00           0           0           0           0           0           0
03/09/2020 00:00           0           0           0           0           0           0
03/09/2020 01:00           0           0           0           0           0           0
03/09/2020 02:00           0           0           0           0           0           0
03/09/2020 03:00           0           0           0           0           0           0
03/09/2020 04:00           0           0           0           0           0           0
03/09/2020 05:00           0           0           0           0           0           0
03/09/2020 06:00           0           0           0           0           0           0
03/09/2020 07:00           0           0           0           0           0           0
03/09/2020 08:00           0           0         240         621         993        1167
03/09/2020 09:00        1246        1402        1634        1719        1980        2813
03/09/2020 10:00        3123        3771        1337        1665        2104        2080
03/09/2020 11:00        2212        2083        2083        1829        3131        3092
03/09/2020 12:00        3551        2486        2727        4156        3794        3931
03/09/2020 13:00        5141        4726        4104        4150        2550        2084
03/09/2020 14:00        3162        4422        5154        4940        4825        4849
03/09/2020 15:00        4686        4793        4749        4303        3119        4523
03/09/2020 16:00        3355        3545        2827        2615        2773        3131
03/09/2020 17:00        3056        2105        2122        1420        1168        1498
03/09/2020 18:00        1190        1099         877         626         523         586
03/09/2020 19:00         575         369         390         193         146           3
03/09/2020 20:00           0           0           0           0           0           0
03/09/2020 21:00           0           0           0           0           0           0
03/09/2020 22:00           0           0           0           0           0           0
03/09/2020 23:00           0           0           0           0           0           0
04/09/2020 00:00           0           0           0           0           0           0
04/09/2020 01:00           0           0           0           0           0           0
04/09/2020 02:00           0           0           0           0           0           0
04/09/2020 03:00           0           0           0           0           0           0
04/09/2020 04:00           0           0           0           0           0           0
04/09/2020 05:00           0           0           0           0           0           0
04/09/2020 06:00           0           0           0           0           0           0
04/09/2020 07:00           0           0           0           0           0         105
04/09/2020 08:00         295         452         641         558        1473        2503
04/09/2020 09:00        1115        1180         827        2403        3238        3229
04/09/2020 10:00        3426        3693        4040        4187        4298        4350
04/09/2020 11:00        4334        4593        4620        4693        4703        4640
04/09/2020 12:00        3893        3889        4102        3385        4742        4580
04/09/2020 13:00        4722        4628        4260        4177        4730        4629
04/09/2020 14:00        4626        4566        4533        4591        4599        4620
04/09/2020 15:00        4558        4412        4196        4192        4111        4061
04/09/2020 16:00        4028        4021        3924        3846        3742        3654
04/09/2020 17:00        3500        3373        3224        3050        2825        2558
04/09/2020 18:00        2318        2054        1771        1489        1213         955
04/09/2020 19:00         715         394         261         162          98          43
04/09/2020 20:00          14           0           0           0           0           0
04/09/2020 21:00           0           0           0           0           0           0
04/09/2020 22:00           0           0           0           0           0           0
04/09/2020 23:00           0           0           0           0           0           0
05/09/2020 00:00           0           0           0           0           0           0
05/09/2020 01:00           0           0           0           0           0           0
05/09/2020 02:00           0           0           0           0           0           0
05/09/2020 03:00           0           0           0           0           0           0
05/09/2020 04:00           0           0           0           0           0           0
05/09/2020 05:00           0           0           0           0           0           0
05/09/2020 06:00           0           0           0           0           0           0
05/09/2020 07:00           0           0           0           0           0           0
05/09/2020 08:00           0          72         260         595        1519        1466
05/09/2020 09:00         864         767         523         584        1408        2921
05/09/2020 10:00        3395        1887        3591        2243        2054        1888
05/09/2020 11:00        2022        3173        2791        3206        2688        1645
05/09/2020 12:00        2126        3523        3077        1664        2469        1005
05/09/2020 13:00        1207        1169        1642        2190        2153        3530
05/09/2020 14:00        1790        2589        3164        3853        3479        2175
05/09/2020 15:00        2032        2990        1877        2181        2653        3712
05/09/2020 16:00        3686        1950        3366        4210        4484        2566
05/09/2020 17:00        2652        1751        2162        1675        1386        2231
05/09/2020 18:00         877        1796        1130         576         543         581
05/09/2020 19:00         518         511         373         303         235         136
05/09/2020 20:00          17           0           0           0           0           0
05/09/2020 21:00           0           0           0           0           0           0
05/09/2020 22:00           0           0           0           0           0           0
05/09/2020 23:00           0           0           0           0           0           0
06/09/2020 00:00           0           0           0           0           0           0
06/09/2020 01:00           0           0           0           0           0           0
06/09/2020 02:00           0           0           0           0           0           0
06/09/2020 03:00           0           0           0           0           0           0
06/09/2020 04:00           0           0           0           0           0           0
06/09/2020 05:00           0           0           0           0           0           0
06/09/2020 06:00           0           0           0           0           0           0
06/09/2020 07:00           0           0           0           0           0          40
06/09/2020 08:00         234         283         400         367        1184         984
06/09/2020 09:00         630         833         995        2540        3752        3911
06/09/2020 10:00        2329        2466        2852        2756        2898        2336
06/09/2020 11:00        2233        3332        2846        3016        2481        1870
06/09/2020 12:00        2891        3860        4275        4783        1992         867
06/09/2020 13:00         800        2369        1519        1386        1508        1773
06/09/2020 14:00        3535        4972        1580         917        1327        1789
06/09/2020 15:00        1470        1458        1355        2070        2307        1477
06/09/2020 16:00        1151        1544        1067         647         423         285
06/09/2020 17:00         286         375         483         593         651         700
06/09/2020 18:00         730        1196        1556        1008        1374         927
06/09/2020 19:00         706         400         344         223         131          32
06/09/2020 20:00           0           0           0           0           0           0
06/09/2020 21:00           0           0           0           0           0           0
06/09/2020 22:00           0           0           0           0           0           0
06/09/2020 23:00           0           0           0           0           0           0
07/09/2020 00:00           0           0           0           0           0           0
07/09/2020 01:00           0           0           0           0           0           0
07/09/2020 02:00           0           0           0           0           0           0
07/09/2020 03:00           0           0           0           0           0           0
07/09/2020 04:00           0           0           0           0           0           0
07/09/2020 05:00           0           0           0           0           0           0
07/09/2020 06:00           0           0           0           0           0           0
07/09/2020 07:00           0           0           0          38         175         337
07/09/2020 08:00         516         735         992        1268        1554        1859
07/09/2020 09:00        2165        2468        2778        3093        3353        3742
07/09/2020 10:00        3953        4017        4328        4445        4587        4688
07/09/2020 11:00        4797        4861        4928        4887        4938        4795
07/09/2020 12:00        4807        4824        4944        4872        4856        4620
07/09/2020 13:00        4721        4826        4557        3507        4961        4913
07/09/2020 14:00        4975        1935        1154        4210        4815        4823
07/09/2020 15:00        2971        3147        3290        3702        4375        3272
07/09/2020 16:00        4641        4508        4348        4284        4063        2977
07/09/2020 17:00        3371        2806        3432        3195        2778        1940
07/09/2020 18:00        2477        2025        1683        1419        1134         808
07/09/2020 19:00         309         233         244         238         171          70
07/09/2020 20:00          15           0           0           0           0           0
07/09/2020 21:00           0           0           0           0           0           0
07/09/2020 22:00           0           0           0           0           0           0
07/09/2020 23:00           0           0           0           0           0           0
08/09/2020 00:00           0           0           0           0           0           0
08/09/2020 01:00           0           0           0           0           0           0
08/09/2020 02:00           0           0           0           0           0           0
08/09/2020 03:00           0           0           0           0           0           0
08/09/2020 04:00           0           0           0           0           0           0
08/09/2020 05:00           0           0           0           0           0           0
08/09/2020 06:00           0           0           0           0           0           0
08/09/2020 07:00           0           0           0           9         140         170
08/09/2020 08:00         206         187         261         383         572         567
08/09/2020 09:00         544         685         949        1186        1707        1898
08/09/2020 10:00        1851        1548        1737        1783        2081        1926
08/09/2020 11:00        2169        2671        3922        3545        3228        3641
08/09/2020 12:00        4126        4029        3980        3701        4004        4068
08/09/2020 13:00        4063        4634        4726        4651        4620        4434
08/09/2020 14:00        4645        4790        4645        3964        4904        4720
08/09/2020 15:00        4642        4548        4502        4464        4176        4424
08/09/2020 16:00        4302        3923        4276        4058        3600        2818
08/09/2020 17:00        2550        2341        2720        3038        2412        1980
08/09/2020 18:00        1592        1257        1028         804         659         556
08/09/2020 19:00         737         631         396         246         159          82
08/09/2020 20:00          12           0           0           0           0           0
08/09/2020 21:00           0           0           0           0           0           0
08/09/2020 22:00           0           0           0           0           0           0
08/09/2020 23:00           0           0           0           0           0           0
09/09/2020 00:00           0           0           0           0           0           0
09/09/2020 01:00           0           0           0           0           0           0
09/09/2020 02:00           0           0           0           0           0           0
09/09/2020 03:00           0           0           0           0           0           0
09/09/2020 04:00           0           0           0           0           0           0
09/09/2020 05:00           0           0           0           0           0           0
09/09/2020 06:00           0           0           0           0           0           0
09/09/2020 07:00           0           0           0           0           0           0
09/09/2020 08:00          53         363         759        1028         547         552
09/09/2020 09:00         813        1300         971        2112        3418        3485
09/09/2020 10:00        2010        3025        3383        4025        4140        4321
09/09/2020 11:00        4319        4545        4596        4833        4838        3934
09/09/2020 12:00        3300           0           0           0           0           0
09/09/2020 13:00           0           0           0           0           0           0
09/09/2020 14:00           0           0           0           0           0           0
09/09/2020 15:00        1528        4441        4659        4741        4727        4639
09/09/2020 16:00        4492        4431        4240        4135        3907        3813
09/09/2020 17:00        2261        3641        3369        3080        2662        2331
09/09/2020 18:00        2056        1822        1518        1290         746         669
09/09/2020 19:00         772         615         488         323          99          10
09/09/2020 20:00           0           0           0           0           0           0
09/09/2020 21:00           0           0           0           0           0           0
09/09/2020 22:00           0           0           0           0           0           0
09/09/2020 23:00           0           0           0           0           0           0
10/09/2020 00:00           0           0           0           0           0           0
10/09/2020 01:00           0           0           0           0           0           0
10/09/2020 02:00           0           0           0           0           0           0
10/09/2020 03:00           0           0           0           0           0           0
10/09/2020 04:00           0           0           0           0           0           0
10/09/2020 05:00           0           0           0           0           0           0
10/09/2020 06:00           0           0           0           0           0           0
10/09/2020 07:00           0           0           0           0          51         162
10/09/2020 08:00         172         215         244         313         563         711
10/09/2020 09:00         709         755         822         840         855         996
10/09/2020 10:00        1224         943         756         882        1591        2295
10/09/2020 11:00        2807        3295        4444        3180        2042        3367
10/09/2020 12:00        4965        4242        4644        4835        4906        4883
10/09/2020 13:00        4777        4167        2310        4450        2966        4003
10/09/2020 14:00        2911        3109        1365        3753        4629        4810
10/09/2020 15:00        4977        2852        1287        4301        4132        4854
10/09/2020 16:00        2751        1442        1322        1540        4469        4033
10/09/2020 17:00        4028        2224        3274        2941        2628        2340
10/09/2020 18:00        1023        1396        1688        1062         329         369
10/09/2020 19:00         605         433         270         137          57           5
10/09/2020 20:00           0           0           0           0           0           0
10/09/2020 21:00           0           0           0           0           0           0
10/09/2020 22:00           0           0           0           0           0           0
10/09/2020 23:00           0           0           0           0           0           0
11/09/2020 00:00           0           0           0           0           0           0
11/09/2020 01:00           0           0           0           0           0           0
11/09/2020 02:00           0           0           0           0           0           0
11/09/2020 03:00           0           0           0           0           0           0
11/09/2020 04:00           0           0           0           0           0           0
11/09/2020 05:00           0           0           0           0           0           0
11/09/2020 06:00           0           0           0           0           0           0
11/09/2020 07:00           0           0           0           0          72         221
11/09/2020 08:00         419         591         794        1026        1269        1515
11/09/2020 09:00        1713        2001        2233        2497        2776        3033
11/09/2020 10:00        3283        3485        3741        3980        4154        4308
11/09/2020 11:00        4413        4512        4535        4654        4663        4770
11/09/2020 12:00        4872        3962        3213        3856        5111        4723
11/09/2020 13:00        4504        3438        2856        3912        5095        4110
11/09/2020 14:00        4731        5223        4038        4841        4867        4743
11/09/2020 15:00        4228        4665        4456        4414        4355        3823
11/09/2020 16:00        3906        4114        3869        3560        3503        2881
11/09/2020 17:00        3020        2984        2792        2333        1978        1632
11/09/2020 18:00        1472        1305        1131         964         805         648
11/09/2020 19:00         520         427         255         158         104          24
11/09/2020 20:00           0           0           0           0           0           0
11/09/2020 21:00           0           0           0           0           0           0
11/09/2020 22:00           0           0           0           0           0           0
11/09/2020 23:00           0           0           0           0           0           0
12/09/2020 00:00           0           0           0           0           0           0
12/09/2020 01:00           0           0           0           0           0           0
12/09/2020 02:00           0           0           0           0           0           0
12/09/2020 03:00           0           0           0           0           0           0
12/09/2020 04:00           0           0           0           0           0           0
12/09/2020 05:00           0           0           0           0           0           0
12/09/2020 06:00           0           0           0           0           0           0
12/09/2020 07:00           0           0           0           0          20         142
12/09/2020 08:00         357         538         711         945        1109        1386
12/09/2020 09:00        1616        1941        2153        2422        2673        2902
12/09/2020 10:00        3132        3372        3648        3801        4148        4389
12/09/2020 11:00        4524        4785        4946        5061        5150        5269
12/09/2020 12:00        5417        5487        5380        5410        5552        5590
12/09/2020 13:00        5605        5614        5541        5483        5488        5485
12/09/2020 14:00        5452        5318        5405        5309        5154        5120
12/09/2020 15:00        5061        4919        4860        4771        4700        4623
12/09/2020 16:00        4470        4313        4139        3999        3856        3678
12/09/2020 17:00        3416        3175        2917        2649        2440        2187
12/09/2020 18:00        1894        1621        1375        1130         880         665
12/09/2020 19:00         467         320         231         132          62          11
12/09/2020 20:00           0           0           0           0           0           0
12/09/2020 21:00           0           0           0           0           0           0
12/09/2020 22:00           0           0           0           0           0           0
12/09/2020 23:00           0           0           0           0           0           0
13/09/2020 00:00           0           0           0           0           0           0
13/09/2020 01:00           0           0           0           0           0           0
13/09/2020 02:00           0           0           0           0           0           0
13/09/2020 03:00           0           0           0           0           0           0
13/09/2020 04:00           0           0           0           0           0           0
13/09/2020 05:00           0           0           0           0           0           0
13/09/2020 06:00           0           0           0           0           0           0
13/09/2020 07:00           0           0           0           0          66         218
13/09/2020 08:00         404         592         813        1063        1331        1598
13/09/2020 09:00        1885        2172        2463        2746        3041        3317
13/09/2020 10:00        3564        3821        4023        4236        4413        4551
13/09/2020 11:00        4670        4787        4855        4860        4960        4946
13/09/2020 12:00        4912        5120        5156        5178        5181        5111
13/09/2020 13:00        5250        5187        5179        5097        5090        5047
13/09/2020 14:00        5053        4999        4995        4909        4885        4883
13/09/2020 15:00        4856        4758        4677        4601        4556        4465
13/09/2020 16:00        4385        4251        4120        3974        3801        3621
13/09/2020 17:00        3391        3149        2882        2656        2391        2121
13/09/2020 18:00        1826        1548        1287        1036         800         583
13/09/2020 19:00         436         236         110          62          39           1
13/09/2020 20:00           0           0           0           0           0           0
13/09/2020 21:00           0           0           0           0           0           0
13/09/2020 22:00           0           0           0           0           0           0
13/09/2020 23:00           0           0           0           0           0           0
14/09/2020 00:00           0           0           0           0           0           0
14/09/2020 01:00           0           0           0           0           0           0
14/09/2020 02:00           0           0           0           0           0           0
14/09/2020 03:00           0           0           0           0           0           0
14/09/2020 04:00           0           0           0           0           0           0
14/09/2020 05:00           0           0           0           0           0           0
14/09/2020 06:00           0           0           0           0           0           0
14/09/2020 07:00           0           0           0           0          65         215
14/09/2020 08:00         393         580         779        1017        1270        1539
14/09/2020 09:00        1802        2083        2397        2689        2979        3231
14/09/2020 10:00        3466        3682        3863        4050        4196        4330
14/09/2020 11:00        4475        4554        4617        4665        4704        4739
14/09/2020 12:00        4759        4799        4791        4811        4795        4785
14/09/2020 13:00        4799        4816        4832        4871        4869        4863
14/09/2020 14:00        4835        4782        4777        4699        4563        4629
14/09/2020 15:00        4535        4463        4458        4379        4313        4207
14/09/2020 16:00        4093        4040        3941        3749        3621        3458
14/09/2020 17:00        3262        3066        2804        2561        2314        2051
14/09/2020 18:00        1760        1493        1242         990         763         557
14/09/2020 19:00         394         248         131          82          24           0
14/09/2020 20:00           0           0           0           0           0           0
14/09/2020 21:00           0           0           0           0           0           0
14/09/2020 22:00           0           0           0           0           0           0
14/09/2020 23:00           0           0           0           0           0           0
15/09/2020 00:00           0           0           0           0           0           0
15/09/2020 01:00           0           0           0           0           0           0
15/09/2020 02:00           0           0           0           0           0           0
15/09/2020 03:00           0           0           0           0           0           0
15/09/2020 04:00           0           0           0           0           0           0
15/09/2020 05:00           0           0           0           0           0           0
15/09/2020 06:00           0           0           0           0           0           0
15/09/2020 07:00           0           0           0           0          11          57
15/09/2020 08:00         312         503         548         632        1238        1104
15/09/2020 09:00        1350        1361        1796        1402        1363        2504
15/09/2020 10:00        2481        2286        2509        3928        3939        2484
15/09/2020 11:00        4930        4320        4181        3237        3687        4881
15/09/2020 12:00        4767        4721        4728        4656        4640        4637
15/09/2020 13:00        4604        4609        4578        3188        2394        4626
15/09/2020 14:00        3642        4434        4598        4502        4486        4501
15/09/2020 15:00        4442        4371        4329        4158        3586        3543
15/09/2020 16:00        3646        3881        3815        3570        2861        2141
15/09/2020 17:00        2832        2828        2650        2031        2144        1736
15/09/2020 18:00        1791        1503         648         769         798         559
15/09/2020 19:00         506         384         179          79          18           0
15/09/2020 20:00           0           0           0           0           0           0
15/09/2020 21:00           0           0           0           0           0           0
15/09/2020 22:00           0           0           0           0           0           0
15/09/2020 23:00           0           0           0           0           0           0
16/09/2020 00:00           0           0           0           0           0           0
16/09/2020 01:00           0           0           0           0           0           0
16/09/2020 02:00           0           0           0           0           0           0
16/09/2020 03:00           0           0           0           0           0           0
16/09/2020 04:00           0           0           0           0           0           0
16/09/2020 05:00           0           0           0           0           0           0
16/09/2020 06:00           0           0           0           0           0           0
16/09/2020 07:00           0           0           0           0           0           7
16/09/2020 08:00         170         376         652         891        1146        1400
16/09/2020 09:00        1657        1930        2215        2492        2760        2991
16/09/2020 10:00        1554        3501        3728        3902        4067        4218
16/09/2020 11:00        4349        4466        4555        4595        4637        4480
16/09/2020 12:00        3371        4682        4514        3795        3930        4856
16/09/2020 13:00        4870        4832        4758        4823        4600        4735
16/09/2020 14:00        4813        4610        4869        4876        4787        3095
16/09/2020 15:00        4266        4062        4205        4528        4416        4306
16/09/2020 16:00        4155        3672        2229        3139        3535        3317
16/09/2020 17:00        3075        2864        2593        2364        2121        1869
16/09/2020 18:00        1586        1346        1077         847         635         465
16/09/2020 19:00         325         236         143          45          12           0
16/09/2020 20:00           0           0           0           0           0           0
16/09/2020 21:00           0           0           0           0           0           0
16/09/2020 22:00           0           0           0           0           0           0
16/09/2020 23:00           0           0           0           0           0           0
17/09/2020 00:00           0           0           0           0           0           0
17/09/2020 01:00           0           0           0           0           0           0
17/09/2020 02:00           0           0           0           0           0           0
17/09/2020 03:00           0           0           0           0           0           0
17/09/2020 04:00           0           0           0           0           0           0
17/09/2020 05:00           0           0           0           0           0           0
17/09/2020 06:00           0           0           0           0           0           0
17/09/2020 07:00           0           0           0           0           0          14
17/09/2020 08:00         214         405         618         806        1010        1273
17/09/2020 09:00        1539        1836        2123        2349        1909        2486
17/09/2020 10:00        2938        2570        3503        3791        4115        4363
17/09/2020 11:00        3698        4722        4913        5042        5260        5413
17/09/2020 12:00        5487        5561        5587        5597        5623        5677
17/09/2020 13:00        4850        4539        5190        5649        5700        5689
17/09/2020 14:00        5685        5259        5397        5665        5657        5587
17/09/2020 15:00        5533        5101        5174        5216        5026        4806
17/09/2020 16:00        4641        4444        4230        3992        3717        3485
17/09/2020 17:00        3212        2964        2682        2406        2107        1798
17/09/2020 18:00        1528        1339        1113         904         699         515
17/09/2020 19:00         365         256         182          52           0           0
17/09/2020 20:00           0           0           0           0           0           0
17/09/2020 21:00           0           0           0           0           0           0
17/09/2020 22:00           0           0           0           0           0           0
17/09/2020 23:00           0           0           0           0           0           0
18/09/2020 00:00           0           0           0           0           0           0
18/09/2020 01:00           0           0           0           0           0           0
18/09/2020 02:00           0           0           0           0           0           0
18/09/2020 03:00           0           0           0           0           0           0
18/09/2020 04:00           0           0           0           0           0           0
18/09/2020 05:00           0           0           0           0           0           0
18/09/2020 06:00           0           0           0           0           0           0
18/09/2020 07:00           0           0           0           0          10         188
18/09/2020 08:00         297         405         558         775        1012        1262
18/09/2020 09:00        1527        1773        2052        2328        2596        2869
18/09/2020 10:00        3119        3374        3625        3882        4088        4300
18/09/2020 11:00        4493        4698        4930        5010        5123        5363
18/09/2020 12:00        5466        5562        5618        5637        5642        5529
18/09/2020 13:00        5365        5661        5628        5662        5648        5548
18/09/2020 14:00        5614        5380        5614        5670        5545        5313
18/09/2020 15:00        5196        5176        5000        4526        3469        3446
18/09/2020 16:00        4849        2499        2247        2279        1920        2050
18/09/2020 17:00        1851        2186        2647        2586        2510        1241
18/09/2020 18:00         897         917        1135        1085         920         621
18/09/2020 19:00         359         267          91           0           0           0
18/09/2020 20:00           0           0           0           0           0           0
18/09/2020 21:00           0           0           0           0           0           0
18/09/2020 22:00           0           0           0           0           0           0
18/09/2020 23:00           0           0           0           0           0           0
19/09/2020 00:00           0           0           0           0           0           0
19/09/2020 01:00           0           0           0           0           0           0
19/09/2020 02:00           0           0           0           0           0           0
19/09/2020 03:00           0           0           0           0           0           0
19/09/2020 04:00           0           0           0           0           0           0
19/09/2020 05:00           0           0           0           0           0           0
19/09/2020 06:00           0           0           0           0           0           0
19/09/2020 07:00           0           0           0           0           0           0
19/09/2020 08:00           0           0           0          61         324         416
19/09/2020 09:00         347         358         612         998        1164        1322
19/09/2020 10:00        1296        1240        1436        3510        2755        2907
19/09/2020 11:00        1979        1753        2056        3147        2925        2235
19/09/2020 12:00        2853        3513        4917        5435        4737        3145
19/09/2020 13:00        4248        5578        5460        4771        5516        5565
19/09/2020 14:00        3563        3384        2100        1936        2884        2064
19/09/2020 15:00        2609        3419        2697        2757        1546        1980
19/09/2020 16:00        1576        1588        2064        2830        3122        2587
19/09/2020 17:00        2405        1585        1642        1879        1170        1410
19/09/2020 18:00        1568        1095         537         360         203           0
19/09/2020 19:00           0           0           0           0           0           0
19/09/2020 20:00           0           0           0           0           0           0
19/09/2020 21:00           0           0           0           0           0           0
19/09/2020 22:00           0           0           0           0           0           0
19/09/2020 23:00           0           0           0           0           0           0
20/09/2020 00:00           0           0           0           0           0           0
20/09/2020 01:00           0           0           0           0           0           0
20/09/2020 02:00           0           0           0           0           0           0
20/09/2020 03:00           0           0           0           0           0           0
20/09/2020 04:00           0           0           0           0           0           0
20/09/2020 05:00           0           0           0           0           0           0
20/09/2020 06:00           0           0           0           0           0           0
20/09/2020 07:00           0           0           0           0           0           0
20/09/2020 08:00           0          83         270         228         268         484
20/09/2020 09:00         560         602         627         790        1723        3392
20/09/2020 10:00        2984        1589        4205        4152        3920        4081
20/09/2020 11:00        4378        4522        4753        4863        5211        3831
20/09/2020 12:00        2906        3535        2775        2572        3362        2934
20/09/2020 13:00        2262        2278        5363        4685        2868        3367
20/09/2020 14:00        3621        3342        5636        5232        5613        5607
20/09/2020 15:00        4884        5134        5514        5620        3052        2868
20/09/2020 16:00        2316        1948        1590        3665        3629        3214
20/09/2020 17:00        2830        2603        2407        2155        1918        1662
20/09/2020 18:00        1394        1161         920         715         513         366
20/09/2020 19:00         194         139          60           0           0           0
20/09/2020 20:00           0           0           0           0           0           0
20/09/2020 21:00           0           0           0           0           0           0
20/09/2020 22:00           0           0           0           0           0           0
20/09/2020 23:00           0           0           0           0           0           0
21/09/2020 00:00           0           0           0           0           0           0
21/09/2020 01:00           0           0           0           0           0           0
21/09/2020 02:00           0           0           0           0           0           0
21/09/2020 03:00           0           0           0           0           0           0
21/09/2020 04:00           0           0           0           0           0           0
21/09/2020 05:00           0           0           0           0           0           0
21/09/2020 06:00           0           0           0           0           0           0
21/09/2020 07:00           0           0           0           0           0          54
21/09/2020 08:00         276         423         583         857        1094        1349
21/09/2020 09:00        1629        1942        1738        1873        2152        2865
21/09/2020 10:00        3242        3593        3811        4100        4291        4508
21/09/2020 11:00        4687        4787        4921        5186        5340        5453
21/09/2020 12:00        5530        5578        5639        5539        5658        5681
21/09/2020 13:00        5590        5642        5483        5577        5641        5609
21/09/2020 14:00        5688        5634        5611        5597        5580        5541
21/09/2020 15:00        5470        5338        5122        4987        4874        4673
21/09/2020 16:00        4438        4246        4026        3765        3540        3302
21/09/2020 17:00        3068        2838        2577        2291        2027        1761
21/09/2020 18:00        1477        1210         958         718         524         355
21/09/2020 19:00         238         153           9           0           0           0
21/09/2020 20:00           0           0           0           0           0           0
21/09/2020 21:00           0           0           0           0           0           0
21/09/2020 22:00           0           0           0           0           0           0
21/09/2020 23:00           0           0           0           0           0           0
22/09/2020 00:00           0           0           0           0           0           0
22/09/2020 01:00           0           0           0           0           0           0
22/09/2020 02:00           0           0           0           0           0           0
22/09/2020 03:00           0           0           0           0           0           0
22/09/2020 04:00           0           0           0           0           0           0
22/09/2020 05:00           0           0           0           0           0           0
22/09/2020 06:00           0           0           0           0           0           0
22/09/2020 07:00           0           0           0           0           0          37
22/09/2020 08:00         189         359         546         751         978        1216
22/09/2020 09:00        1492        1768        2061        2350        2621        2904
22/09/2020 10:00        3159        3407        3645        3870        4095        4321
22/09/2020 11:00        4531        4700        4885        5043        5224        5268
22/09/2020 12:00        5182        5378        5565        5624        5666        5511
22/09/2020 13:00        5581        5618        5644        5656        5570        5536
22/09/2020 14:00        5592        5569        5531        5385        5370        5320
22/09/2020 15:00        5260        5119        5003        4786        4735        4578
22/09/2020 16:00        4350        4142        3947        3690        3387        3186
22/09/2020 17:00        2967        2719        2435        2197        1957        1686
22/09/2020 18:00        1402        1147         896         618         420         259
22/09/2020 19:00         171          15           0           0           0           0
22/09/2020 20:00           0           0           0           0           0           0
22/09/2020 21:00           0           0           0           0           0           0
22/09/2020 22:00           0           0           0           0           0           0
22/09/2020 23:00           0           0           0           0           0           0
23/09/2020 00:00           0           0           0           0           0           0
23/09/2020 01:00           0           0           0           0           0           0
23/09/2020 02:00           0           0           0           0           0           0
23/09/2020 03:00           0           0           0           0           0           0
23/09/2020 04:00           0           0           0           0           0           0
23/09/2020 05:00           0           0           0           0           0           0
23/09/2020 06:00           0           0           0           0           0           0
23/09/2020 07:00           0           0           0           0           0           0
23/09/2020 08:00           0           0         179         497         396         361
23/09/2020 09:00         350         223         492         764        1567        1764
23/09/2020 10:00        1504        1380         912         706        1192        1714
23/09/2020 11:00        1325        3441        3347        3229        3159        2648
23/09/2020 12:00        3167        2568        2728        4811        3643        1620
23/09/2020 13:00        2372        1474        2563        2514        1842        3039
23/09/2020 14:00        2660        2283        2956        2595        2399         765
23/09/2020 15:00        1011        2199        2113        1851        1818        1927
23/09/2020 16:00        1763        1337        1434        1635        1734        1664
23/09/2020 17:00        1316        1295        1046         685         792         966
23/09/2020 18:00         719         323          49           0           0           0
23/09/2020 19:00           0           0           0           0           0           0
23/09/2020 20:00           0           0           0           0           0           0
23/09/2020 21:00           0           0           0           0           0           0
23/09/2020 22:00           0           0           0           0           0           0
23/09/2020 23:00           0           0           0           0           0           0
24/09/2020 00:00           0           0           0           0           0           0
24/09/2020 01:00           0           0           0           0           0           0
24/09/2020 02:00           0           0           0           0           0           0
24/09/2020 03:00           0           0           0           0           0           0
24/09/2020 04:00           0           0           0           0           0           0
24/09/2020 05:00           0           0           0           0           0           0
24/09/2020 06:00           0           0           0           0           0           0
24/09/2020 07:00           0           0           0           0           0         114
24/09/2020 08:00         293         453         708         907         761        1007
24/09/2020 09:00        1503        1452        1158        1260        2439        2805
24/09/2020 10:00        3409        3994        3250        3107        2693        2598
24/09/2020 11:00        3371        3088        2851        3702        3138        3793
24/09/2020 12:00        3933        4114        4895        2899        1906        2911
24/09/2020 13:00        2193        1779        3372        2443        2932        2217
24/09/2020 14:00         931         941         534         508         499         643
24/09/2020 15:00         629         791        1721        1539        1850        1611
24/09/2020 16:00         950        1068        2297        1491        2168        1225
24/09/2020 17:00        1408        1598         947        1500        1067         800
24/09/2020 18:00         835         265          76           2           0         128
24/09/2020 19:00         481          33           0           0           0           0
24/09/2020 20:00           0           0           0           0           0           0
24/09/2020 21:00           0           0           0           0           0           0
24/09/2020 22:00           0           0           0           0           0           0
24/09/2020 23:00           0           0           0           0           0           0
25/09/2020 00:00           0           0           0           0           0           0
25/09/2020 01:00           0           0           0           0           0           0
25/09/2020 02:00           0           0           0           0           0           0
25/09/2020 03:00           0           0           0           0           0           0
25/09/2020 04:00           0           0           0           0           0           0
25/09/2020 05:00           0           0           0           0           0           0
25/09/2020 06:00           0           0           0           0           0           0
25/09/2020 07:00           0           0           0           0           0           0
25/09/2020 08:00           0          95          87         159          54         289
25/09/2020 09:00         573         611         632        1606        2388        3827
25/09/2020 10:00        2291        1751         681        1236        3131        2738
25/09/2020 11:00        3180         545         712         594         797         863
25/09/2020 12:00        2464        2326        2368        3681        3580        1791
25/09/2020 13:00        3507        1446        3444        2386         225          94
25/09/2020 14:00         703         989        1216        1543        1887        1087
25/09/2020 15:00         807         776        1724        1808        1191        1914
25/09/2020 16:00        2441        2355        4823        4670        4167        3434
25/09/2020 17:00        3232        1493        1391        1672        1374         748
25/09/2020 18:00         563          97         382         260         267         280
25/09/2020 19:00         131           6           0           0           0           0
25/09/2020 20:00           0           0           0           0           0           0
25/09/2020 21:00           0           0           0           0           0           0
25/09/2020 22:00           0           0           0           0           0           0
25/09/2020 23:00           0           0           0           0           0           0
26/09/2020 00:00           0           0           0           0           0           0
26/09/2020 01:00           0           0           0           0           0           0
26/09/2020 02:00           0           0           0           0           0           0
26/09/2020 03:00           0           0           0           0           0           0
26/09/2020 04:00           0           0           0           0           0           0
26/09/2020 05:00           0           0           0           0           0           0
26/09/2020 06:00           0           0           0           0           0           0
26/09/2020 07:00           0           0           0           0           0           0
26/09/2020 08:00          55         204         432         662         998         764
26/09/2020 09:00         473         679         702         915        1104        1161
26/09/2020 10:00        1214        1413        2106        1913        1705        1806
26/09/2020 11:00        1972        2250        2477        2574        3793        2557
26/09/2020 12:00        3914        3170        3769        2405        3155        3750
26/09/2020 13:00        3374        3467        4612        4006        4112        4213
26/09/2020 14:00        4877        3721        4294        4577        4609        4221
26/09/2020 15:00        4718        2671        1388        2056        2749        4485
26/09/2020 16:00        2704        1528        1085        1574        1575        1308
26/09/2020 17:00        1634         828         694         618         481         549
26/09/2020 18:00         741         521         259         195         220          42
26/09/2020 19:00          11          14           0           0           0           0
26/09/2020 20:00           0           0           0           0           0           0
26/09/2020 21:00           0           0           0           0           0           0
26/09/2020 22:00           0           0           0           0           0           0
26/09/2020 23:00           0           0           0           0           0           0
27/09/2020 00:00           0           0           0           0           0           0
27/09/2020 01:00           0           0           0           0           0           0
27/09/2020 02:00           0           0           0           0           0           0
27/09/2020 03:00           0           0           0           0           0           0
27/09/2020 04:00           0           0           0           0           0           0
27/09/2020 05:00           0           0           0           0           0           0
27/09/2020 06:00           0           0           0           0           0           0
27/09/2020 07:00           0           0           0           0           0           0
27/09/2020 08:00           0           0           0           0           0           0
27/09/2020 09:00           0          26          35         191         400         492
27/09/2020 10:00         901        1036        1452         805        1212        1685
27/09/2020 11:00        2328        1956        1284         734        1104         935
27/09/2020 12:00         803         707         883         759         896         888
27/09/2020 13:00         922        1100         931        1430        1349         500
27/09/2020 14:00         597         716        1018         772         863        1024
27/09/2020 15:00        1775        1464        2197        2891        1784         994
27/09/2020 16:00        1875        1215         715         412         208         173
27/09/2020 17:00         390         351         179          19           0          56
27/09/2020 18:00          51         112          77           0           0           4
27/09/2020 19:00          19           0           0           0           0           0
27/09/2020 20:00           0           0           0           0           0           0
27/09/2020 21:00           0           0           0           0           0           0
27/09/2020 22:00           0           0           0           0           0           0
27/09/2020 23:00           0           0           0           0           0           0
28/09/2020 00:00           0           0           0           0           0           0
28/09/2020 01:00           0           0           0           0           0           0
28/09/2020 02:00           0           0           0           0           0           0
28/09/2020 03:00           0           0           0           0           0           0
28/09/2020 04:00           0           0           0           0           0           0
28/09/2020 05:00           0           0           0           0           0           0
28/09/2020 06:00           0           0           0           0           0           0
28/09/2020 07:00           0           0           0           0           0           0
28/09/2020 08:00           0           0           0           0           0           0
28/09/2020 09:00           0           0           0           0           0           0
28/09/2020 10:00           0          44          47          59         101         161
28/09/2020 11:00         150         301         282         272         462         605
28/09/2020 12:00         483         490         580         578         393         380
28/09/2020 13:00         470         367         221         226         207         179
28/09/2020 14:00         229         213         276         312         206         269
28/09/2020 15:00         210         339         412         299         352         302
28/09/2020 16:00         313         266         229         240         240         239
28/09/2020 17:00         253         282         369         299         200         151
28/09/2020 18:00         176         231         313         312         260         199
28/09/2020 19:00          57           0           0           0           0           0
28/09/2020 20:00           0           0           0           0           0           0
28/09/2020 21:00           0           0           0           0           0           0
28/09/2020 22:00           0           0           0           0           0           0
28/09/2020 23:00           0           0           0           0           0           0
29/09/2020 00:00           0           0           0           0           0           0
29/09/2020 01:00           0           0           0           0           0           0
29/09/2020 02:00           0           0           0           0           0           0
29/09/2020 03:00           0           0           0           0           0           0
29/09/2020 04:00           0           0           0           0           0           0
29/09/2020 05:00           0           0           0           0           0           0
29/09/2020 06:00           0           0           0           0           0           0
29/09/2020 07:00           0           0           0           0           0           0
29/09/2020 08:00           0          33          70          80          84         123
29/09/2020 09:00         136         259         286         343         798         863
29/09/2020 10:00         676         611         610         555         785         986
29/09/2020 11:00        1048         995         992        1412        1554        1866
29/09/2020 12:00        1767        1739        1580        1640        1922        1681
29/09/2020 13:00        1369        1301         950        1057        1085        1390
29/09/2020 14:00        1568        1037         343         354         340         491
29/09/2020 15:00         763        1210         541         302         507         560
29/09/2020 16:00         245         500         837        1009         912         810
29/09/2020 17:00        1015         813         707         474         455         435
29/09/2020 18:00         173          48          27         251          91           0
29/09/2020 19:00           0           0           0           0           0           0
29/09/2020 20:00           0           0           0           0           0           0
29/09/2020 21:00           0           0           0           0           0           0
29/09/2020 22:00           0           0           0           0           0           0
29/09/2020 23:00           0           0           0           0           0           0
30/09/2020 00:00           0           0           0           0           0           0
30/09/2020 01:00           0           0           0           0           0           0
30/09/2020 02:00           0           0           0           0           0           0
30/09/2020 03:00           0           0           0           0           0           0
30/09/2020 04:00           0           0           0           0           0           0
30/09/2020 05:00           0           0           0           0           0           0
30/09/2020 06:00           0           0           0           0           0           0
30/09/2020 07:00           0           0           0           0           0           0
30/09/2020 08:00           0           5         174         253         237         280
30/09/2020 09:00         327         424         478         588         700         727
30/09/2020 10:00         764         832         918         981        1380         739
30/09/2020 11:00         765        1611        1409        1665        2564        2633
30/09/2020 12:00        1235         869         755        1620         797        1365
30/09/2020 13:00        1985        1995        2554        2720        1874        2030
30/09/2020 14:00        1016         981        1018        1085        1114        1431
30/09/2020 15:00        1066        1228         942         886         841         721
30/09/2020 16:00         898        1036         901         866        1208         925
30/09/2020 17:00         687         518         512         569         744         605
30/09/2020 18:00         367         327         219         230         185         128
30/09/2020 19:00           6           0           0           0           0           0
30/09/2020 20:00           0           0           0           0           0           0
30/09/2020 21:00           0           0           0           0           0           0
30/09/2020 22:00           0           0           0           0           0           0
30/09/2020 23:00           0           0           0           0           0           0
01/10/2020 00:00           0           0           0           0           0           0
01/10/2020 01:00           0           0           0           0           0           0
