01/10/2020 02:00           0           0           0           0           0           0
01/10/2020 03:00           0           0           0           0           0           0
01/10/2020 04:00           0           0           0           0           0           0
01/10/2020 05:00           0           0           0           0           0           0
01/10/2020 06:00           0           0           0           0           0           0
01/10/2020 07:00           0           0           0           0           0           0
01/10/2020 08:00           0           0           0           0           0           0
01/10/2020 09:00           0           0           2          80         174         214
01/10/2020 10:00         227         295         290         181         466         420
01/10/2020 11:00         520         845        1245        1782         620         873
01/10/2020 12:00        1293        1630        2879        3980        3455        2800
01/10/2020 13:00        2036        2768        1462        1704         995        1550
01/10/2020 14:00        3597        3496        3278        2074         371        1170
01/10/2020 15:00        2334        1576        2233        3451        2418         856
01/10/2020 16:00        1366        1068        1972        1869         399         835
01/10/2020 17:00        1242        1288        1490        1527         894         827
01/10/2020 18:00         575         268         213         230         172         111
01/10/2020 19:00          45           0           0           0           0           0
01/10/2020 20:00           0           0           0           0           0           0
01/10/2020 21:00           0           0           0           0           0           0
01/10/2020 22:00           0           0           0           0           0           0
01/10/2020 23:00           0           0           0           0           0           0
02/10/2020 00:00           0           0           0           0           0           0
02/10/2020 01:00           0           0           0           0           0           0
02/10/2020 02:00           0           0           0           0           0           0
02/10/2020 03:00           0           0           0           0           0           0
02/10/2020 04:00           0           0           0           0           0           0
02/10/2020 05:00           0           0           0           0           0           0
02/10/2020 06:00           0           0           0           0           0           0
02/10/2020 07:00           0           0           0           0           0           0
02/10/2020 08:00           0           0           0           0           0           0
02/10/2020 09:00           0           0           0          19          59          26
02/10/2020 10:00           0          59          68          76          88         150
02/10/2020 11:00         141         176         241         240         287         315
02/10/2020 12:00          47           0           0           0         659         911
02/10/2020 13:00         934         927        1420        1044         924        1004
02/10/2020 14:00         676         437         514         411         133         214
02/10/2020 15:00         350         393         368         399         543         490
02/10/2020 16:00         566         647         499         376         619         450
02/10/2020 17:00         425         432         516         428         441         423
02/10/2020 18:00         307         167           7           0           0           0
02/10/2020 19:00           0           0           0           0           0           0
02/10/2020 20:00           0           0           0           0           0           0
02/10/2020 21:00           0           0           0           0           0           0
02/10/2020 22:00           0           0           0           0           0           0
02/10/2020 23:00           0           0           0           0           0           0
03/10/2020 00:00           0           0           0           0           0           0
03/10/2020 01:00           0           0           0           0           0           0
03/10/2020 02:00           0           0           0           0           0           0
03/10/2020 03:00           0           0           0           0           0           0
03/10/2020 04:00           0           0           0           0           0           0
03/10/2020 05:00           0           0           0           0           0           0
03/10/2020 06:00           0           0           0           0           0           0
03/10/2020 07:00           0           0           0           0           0           0
03/10/2020 08:00           0          15         247         232         501         806
03/10/2020 09:00         448         401         704        2255        2645        2874
03/10/2020 10:00        3195        3464        3711        3957        4198        4212
03/10/2020 11:00        4233        2954        4568        2427        3149        2761
03/10/2020 12:00        3105        2379        2593        3499        3280        2755
03/10/2020 13:00        1457        1080        3756        2458        2055        2275
03/10/2020 14:00        2271        1989        2164        2703        3399        1528
03/10/2020 15:00        1400        1394        1880        1890        1599        1254
03/10/2020 16:00         455         320         996        1124        1412        1058
03/10/2020 17:00         610         922         768         632         546         589
03/10/2020 18:00         404         230         195         165          40           0
03/10/2020 19:00           0           0           0           0           0           0
03/10/2020 20:00           0           0           0           0           0           0
03/10/2020 21:00           0           0           0           0           0           0
03/10/2020 22:00           0           0           0           0           0           0
03/10/2020 23:00           0           0           0           0           0           0
04/10/2020 00:00           0           0           0           0           0           0
04/10/2020 01:00           0           0           0           0           0           0
04/10/2020 02:00           0           0           0           0           0           0
04/10/2020 03:00           0           0           0           0           0           0
04/10/2020 04:00           0           0           0           0           0           0
04/10/2020 05:00           0           0           0           0           0           0
04/10/2020 06:00           0           0           0           0           0           0
04/10/2020 07:00           0           0           0           0           0           0
04/10/2020 08:00           0           0          40         107         295         275
04/10/2020 09:00         377         440         386         354         412         582
04/10/2020 10:00         755        1558        1003        1418        2055        2183
04/10/2020 11:00        1687        1146        1151        1234        1286        1834
04/10/2020 12:00        2365        3078        4166        2635        1081         850
04/10/2020 13:00         830         733         681        1851        2145        1473
04/10/2020 14:00        1775        2687        1768        2671        1225        1584
04/10/2020 15:00        1909        1366        4368        3752        2135        2906
04/10/2020 16:00        2476        2691        3960        2008        1606         854
04/10/2020 17:00        1113        1004         501         520         769         948
04/10/2020 18:00         823         576         390         316         226          68
04/10/2020 19:00           0           0           0           0           0           0
04/10/2020 20:00           0           0           0           0           0           0
04/10/2020 21:00           0           0           0           0           0           0
04/10/2020 22:00           0           0           0           0           0           0
04/10/2020 23:00           0           0           0           0           0           0
05/10/2020 00:00           0           0           0           0           0           0
05/10/2020 01:00           0           0           0           0           0           0
05/10/2020 02:00           0           0           0           0           0           0
05/10/2020 03:00           0           0           0           0           0           0
05/10/2020 04:00           0           0           0           0           0           0
05/10/2020 05:00           0           0           0           0           0           0
05/10/2020 06:00           0           0           0           0           0           0
05/10/2020 07:00           0           0           0           0           0           0
05/10/2020 08:00           0           0           0           0           0          13
05/10/2020 09:00          27          75         192         279         426         321
05/10/2020 10:00         324         267         389         506         861        1082
05/10/2020 11:00        1061        1619        1343         780         694         916
05/10/2020 12:00         807        1027         911         605         473         551
05/10/2020 13:00         619         597         571         786         541         617
05/10/2020 14:00         506         592         561         608         560         637
05/10/2020 15:00         595         396         312         362         391         303
05/10/2020 16:00         365         532         621         605         620         495
05/10/2020 17:00         556         540         472         228         200         221
05/10/2020 18:00         118          20           0           0           0           0
05/10/2020 19:00           0           0           0           0           0           0
05/10/2020 20:00           0           0           0           0           0           0
05/10/2020 21:00           0           0           0           0           0           0
05/10/2020 22:00           0           0           0           0           0           0
05/10/2020 23:00           0           0           0           0           0           0
06/10/2020 00:00           0           0           0           0           0           0
06/10/2020 01:00           0           0           0           0           0           0
06/10/2020 02:00           0           0           0           0           0           0
06/10/2020 03:00           0           0           0           0           0           0
06/10/2020 04:00           0           0           0           0           0           0
06/10/2020 05:00           0           0           0           0           0           0
06/10/2020 06:00           0           0           0           0           0           0
06/10/2020 07:00           0           0           0           0           0           0
06/10/2020 08:00           0           0           0           9         197         316
06/10/2020 09:00         587         911         398         475         815        1001
06/10/2020 10:00         787         909         530         647         948        1135
06/10/2020 11:00        1041        1865        3509        4803        3437        1771
06/10/2020 12:00        1904        1967        1444        1595         952         823
06/10/2020 13:00        1875        2301        1712        1869        2913        1943
06/10/2020 14:00        2040        3645        2058        2624        2766         842
06/10/2020 15:00        2884        2818        4242        1793         336         985
06/10/2020 16:00        1323        1577        1362        1180         776         649
06/10/2020 17:00         637         566         443         519         477         345
06/10/2020 18:00         243         234         168          32           0           0
06/10/2020 19:00           0           0           0           0           0           0
06/10/2020 20:00           0           0           0           0           0           0
06/10/2020 21:00           0           0           0           0           0           0
06/10/2020 22:00           0           0           0           0           0           0
06/10/2020 23:00           0           0           0           0           0           0
07/10/2020 00:00           0           0           0           0           0           0
07/10/2020 01:00           0           0           0           0           0           0
07/10/2020 02:00           0           0           0           0           0           0
07/10/2020 03:00           0           0           0           0           0           0
07/10/2020 04:00           0           0           0           0           0           0
07/10/2020 05:00           0           0           0           0           0           0
07/10/2020 06:00           0           0           0           0           0           0
07/10/2020 07:00           0           0           0           0           0           0
07/10/2020 08:00           0          61         247         325         408         360
07/10/2020 09:00         565         911         940        1180        1059         642
07/10/2020 10:00         630         526        1358        1426        1177        1592
07/10/2020 11:00        2181        2407        1686        1805        1552        2208
07/10/2020 12:00        2461        3325        4733        3461        3420        2967
07/10/2020 13:00        1313        2104        1977        4197        3170        4896
07/10/2020 14:00        5437        4553        2063        1841        1214        1632
07/10/2020 15:00        3244        2145        3214        2891        1758        2758
07/10/2020 16:00        3322        4315        2213        3040        1497         856
07/10/2020 17:00        1303        1269        1227         637         665         672
07/10/2020 18:00         602         450         337         233         114          32
07/10/2020 19:00           0           0           0           0           0           0
07/10/2020 20:00           0           0           0           0           0           0
07/10/2020 21:00           0           0           0           0           0           0
07/10/2020 22:00           0           0           0           0           0           0
07/10/2020 23:00           0           0           0           0           0           0
08/10/2020 00:00           0           0           0           0           0           0
08/10/2020 01:00           0           0           0           0           0           0
08/10/2020 02:00           0           0           0           0           0           0
08/10/2020 03:00           0           0           0           0           0           0
08/10/2020 04:00           0           0           0           0           0           0
08/10/2020 05:00           0           0           0           0           0           0
08/10/2020 06:00           0           0           0           0           0           0
08/10/2020 07:00           0           0           0           0           0           0
08/10/2020 08:00           0           0           0           0          35         280
08/10/2020 09:00         261         375         623         904        1228        1003
08/10/2020 10:00        1518        1849        1273        1397        1364        1603
08/10/2020 11:00        4104        3603        4051        2655        1624        1862
08/10/2020 12:00        1059         999        1143         922        1082        1318
08/10/2020 13:00        1195        1272         924         619         776         886
08/10/2020 14:00         656         761        1750        1864        1919        2643
08/10/2020 15:00        1547        1098        1234        1438        1422        1629
08/10/2020 16:00        1265        1294        1025         920        1189        1227
08/10/2020 17:00        1016         383         256         782         909         710
08/10/2020 18:00         446         212         194         198          95           5
08/10/2020 19:00           0           0           0           0           0           0
08/10/2020 20:00           0           0           0           0           0           0
08/10/2020 21:00           0           0           0           0           0           0
08/10/2020 22:00           0           0           0           0           0           0
08/10/2020 23:00           0           0           0           0           0           0
09/10/2020 00:00           0           0           0           0           0           0
09/10/2020 01:00           0           0           0           0           0           0
09/10/2020 02:00           0           0           0           0           0           0
09/10/2020 03:00           0           0           0           0           0           0
09/10/2020 04:00           0           0           0           0           0           0
09/10/2020 05:00           0           0           0           0           0           0
09/10/2020 06:00           0           0           0           0           0           0
09/10/2020 07:00           0           0           0           0           0           0
09/10/2020 08:00           0           0           0           0           0           0
09/10/2020 09:00           0           0           0           0         208         370
09/10/2020 10:00         286         395         945        1126        1625        1245
09/10/2020 11:00         784         663         577         365         631        1171
09/10/2020 12:00        1171        1552        1723        1786        2317        2389
09/10/2020 13:00        1346         663        1036        1597        2103        2073
09/10/2020 14:00        2296        1791        1404        1238        1453        1693
09/10/2020 15:00        2466        2155        3265        5108        1313        1236
09/10/2020 16:00        1517        2502        1457        1235        1546        1396
09/10/2020 17:00        2243        1663        1010        1045        1059         828
09/10/2020 18:00         570         237         161          10           0           0
09/10/2020 19:00           0           0           0           0           0           0
09/10/2020 20:00           0           0           0           0           0           0
09/10/2020 21:00           0           0           0           0           0           0
09/10/2020 22:00           0           0           0           0           0           0
09/10/2020 23:00           0           0           0           0           0           0
10/10/2020 00:00           0           0           0           0           0           0
10/10/2020 01:00           0           0           0           0           0           0
10/10/2020 02:00           0           0           0           0           0           0
10/10/2020 03:00           0           0           0           0           0           0
10/10/2020 04:00           0           0           0           0           0           0
10/10/2020 05:00           0           0           0           0           0           0
10/10/2020 06:00           0           0           0           0           0           0
10/10/2020 07:00           0           0           0           0           0           0
10/10/2020 08:00           0           0          33         250         321         687
10/10/2020 09:00        1091        1391        1707        2028        2344        2647
10/10/2020 10:00        2945        3223        3482        3732        4005        4193
10/10/2020 11:00        3777        3958        4197        5462        5263        5709
10/10/2020 12:00        5702        4099        2860        5350        4526        3259
10/10/2020 13:00        2579        5733        4299        1805        2494        2776
10/10/2020 14:00        4102        5764        5587        5250        1677        1775
10/10/2020 15:00        1573        3302        5372        4614        2135        2126
10/10/2020 16:00        3647        3212        2323        3537        3261        2681
10/10/2020 17:00        1603        1210         578         379         266         152
10/10/2020 18:00         682         407         270         250         102          11
10/10/2020 19:00           0           0           0           0           0           0
10/10/2020 20:00           0           0           0           0           0           0
10/10/2020 21:00           0           0           0           0           0           0
10/10/2020 22:00           0           0           0           0           0           0
10/10/2020 23:00           0           0           0           0           0           0
11/10/2020 00:00           0           0           0           0           0           0
11/10/2020 01:00           0           0           0           0           0           0
11/10/2020 02:00           0           0           0           0           0           0
11/10/2020 03:00           0           0           0           0           0           0
11/10/2020 04:00           0           0           0           0           0           0
11/10/2020 05:00           0           0           0           0           0           0
11/10/2020 06:00           0           0           0           0           0           0
11/10/2020 07:00           0           0           0           0           0           0
11/10/2020 08:00           0           0          78         338         356         247
11/10/2020 09:00         847        1207        1556        1949        2225        2251
11/10/2020 10:00        2663        2249        2908        3385        4493        1996
11/10/2020 11:00        4173        4203        4742        4466        5156        4999
11/10/2020 12:00        5008        4342        1949        2753        4456        4993
11/10/2020 13:00        4761        5023        5008        2518        2375        3800
11/10/2020 14:00        4835        5719        3113        3587        5545        1737
11/10/2020 15:00        2851        1442         606        1078         872        1116
11/10/2020 16:00         937        2115        3613        3214        2419        1380
11/10/2020 17:00        1704        1989        1108         474         313         294
11/10/2020 18:00         370         253         292         250         118           0
11/10/2020 19:00           0           0           0           0           0           0
11/10/2020 20:00           0           0           0           0           0           0
11/10/2020 21:00           0           0           0           0           0           0
11/10/2020 22:00           0           0           0           0           0           0
11/10/2020 23:00           0           0           0           0           0           0
12/10/2020 00:00           0           0           0           0           0           0
12/10/2020 01:00           0           0           0           0           0           0
12/10/2020 02:00           0           0           0           0           0           0
12/10/2020 03:00           0           0           0           0           0           0
12/10/2020 04:00           0           0           0           0           0           0
12/10/2020 05:00           0           0           0           0           0           0
12/10/2020 06:00           0           0           0           0           0           0
12/10/2020 07:00           0           0           0           0           0           0
12/10/2020 08:00           0           0         107         406         434         844
12/10/2020 09:00         878        1029        1623        1580        1771        2245
12/10/2020 10:00        1098         932        1107        1916        2976        2524
12/10/2020 11:00        1788        1420        3982        5069        4585        2242
12/10/2020 12:00        3611        3349        2441        2368        2117        2966
12/10/2020 13:00        3634        3100        3135        2919        2330        3045
12/10/2020 14:00        3292        3388        2166        2532        2335        3572
12/10/2020 15:00        3424        2357        2646        1930        1944        1406
12/10/2020 16:00         981         994         825         863         905         718
12/10/2020 17:00         621         513         386         353         196          92
12/10/2020 18:00          63           0           0           0           0           0
12/10/2020 19:00           0           0           0           0           0           0
12/10/2020 20:00           0           0           0           0           0           0
12/10/2020 21:00           0           0           0           0           0           0
12/10/2020 22:00           0           0           0           0           0           0
12/10/2020 23:00           0           0           0           0           0           0
13/10/2020 00:00           0           0           0           0           0           0
13/10/2020 01:00           0           0           0           0           0           0
13/10/2020 02:00           0           0           0           0           0           0
13/10/2020 03:00           0           0           0           0           0           0
13/10/2020 04:00           0           0           0           0           0           0
13/10/2020 05:00           0           0           0           0           0           0
13/10/2020 06:00           0           0           0           0           0           0
13/10/2020 07:00           0           0           0           0           0           0
13/10/2020 08:00           0           0           0           0           0           0
13/10/2020 09:00          76          83          49          90         238         304
13/10/2020 10:00         281         380         931         584         348         448
13/10/2020 11:00         451         794         763         615         597         520
13/10/2020 12:00         670         741         855         996        1095         928
13/10/2020 13:00         571         598        1124         972        1664        2173
13/10/2020 14:00        1902        1337        1260        1342        1330        1766
13/10/2020 15:00        2529        1872        2563        3036        1356        2039
13/10/2020 16:00        1488        1687        1989        2210        2467         890
13/10/2020 17:00         991        2143         538         303         487         576
13/10/2020 18:00         384         127           0           0           0           0
13/10/2020 19:00           0           0           0           0           0           0
13/10/2020 20:00           0           0           0           0           0           0
13/10/2020 21:00           0           0           0           0           0           0
13/10/2020 22:00           0           0           0           0           0           0
13/10/2020 23:00           0           0           0           0           0           0
14/10/2020 00:00           0           0           0           0           0           0
14/10/2020 01:00           0           0           0           0           0           0
14/10/2020 02:00           0           0           0           0           0           0
14/10/2020 03:00           0           0           0           0           0           0
14/10/2020 04:00           0           0           0           0           0           0
14/10/2020 05:00           0           0           0           0           0           0
14/10/2020 06:00           0           0           0           0           0           0
14/10/2020 07:00           0           0           0           0           0           0
14/10/2020 08:00           0           0           0           0           0           0
14/10/2020 09:00          35         113         270         563         706         875
14/10/2020 10:00        1026        1348        1758        1729        1628        2228
14/10/2020 11:00        2778        2403        2273        2488        3083        3263
14/10/2020 12:00        3487        2497        2330        2660        3233        2411
14/10/2020 13:00        3047        4332        4725        5693        5402        4593
14/10/2020 14:00        4890        4149        4058        3553        3533        4490
14/10/2020 15:00        4612        2290        2158        3656         709        1087
14/10/2020 16:00        2108        2158        3680        1299        2865        2870
14/10/2020 17:00        1675        1622        1748         903         491         723
14/10/2020 18:00         717         486         307         201          71           0
14/10/2020 19:00           0           0           0           0           0           0
14/10/2020 20:00           0           0           0           0           0           0
14/10/2020 21:00           0           0           0           0           0           0
14/10/2020 22:00           0           0           0           0           0           0
14/10/2020 23:00           0           0           0           0           0           0
15/10/2020 00:00           0           0           0           0           0           0
15/10/2020 01:00           0           0           0           0           0           0
15/10/2020 02:00           0           0           0           0           0           0
15/10/2020 03:00           0           0           0           0           0           0
15/10/2020 04:00           0           0           0           0           0           0
15/10/2020 05:00           0           0           0           0           0           0
15/10/2020 06:00           0           0           0           0           0           0
15/10/2020 07:00           0           0           0           0           0           0
15/10/2020 08:00           0           0           0           0          43         287
15/10/2020 09:00         399         476         496         636         605         715
15/10/2020 10:00        1129        1330        2066        2594        2325        2226
15/10/2020 11:00        1436         894         779         665         792        1612
15/10/2020 12:00        1588        1574        1819        1765        2538        2605
15/10/2020 13:00        3517        2358        4424        2174        3533        1901
15/10/2020 14:00        2979        3007        2426        3846        4198        2485
15/10/2020 15:00        3380        4404        2916        2201        3993        2847
15/10/2020 16:00        2352         890         953        2107        2594        2265
15/10/2020 17:00        1491        1253         918         327         272         155
15/10/2020 18:00          44           0           0           0           0           0
15/10/2020 19:00           0           0           0           0           0           0
15/10/2020 20:00           0           0           0           0           0           0
15/10/2020 21:00           0           0           0           0           0           0
15/10/2020 22:00           0           0           0           0           0           0
15/10/2020 23:00           0           0           0           0           0           0
16/10/2020 00:00           0           0           0           0           0           0
16/10/2020 01:00           0           0           0           0           0           0
16/10/2020 02:00           0           0           0           0           0           0
16/10/2020 03:00           0           0           0           0           0           0
16/10/2020 04:00           0           0           0           0           0           0
16/10/2020 05:00           0           0           0           0           0           0
16/10/2020 06:00           0           0           0           0           0           0
16/10/2020 07:00           0           0           0           0           0           0
16/10/2020 08:00           0           0           0           0          31           9
16/10/2020 09:00           0         106         138         239         321         382
16/10/2020 10:00         447         781        1180        1327        1780        2529
16/10/2020 11:00        2038        1115         989        1438        2432        4143
16/10/2020 12:00        4310        4571        3472        3121        3859        5352
16/10/2020 13:00        3979        5476        5584        5199        5766        4116
16/10/2020 14:00        2835        1273        3766        2810        1823        2881
16/10/2020 15:00        2077        1747        1718        1313         890        1352
16/10/2020 16:00        1425        1258        1354        1256        2180         564
16/10/2020 17:00         545         547         399         277         252         214
16/10/2020 18:00         282         227         152          44           0           0
16/10/2020 19:00           0           0           0           0           0           0
16/10/2020 20:00           0           0           0           0           0           0
16/10/2020 21:00           0           0           0           0           0           0
16/10/2020 22:00           0           0           0           0           0           0
16/10/2020 23:00           0           0           0           0           0           0
17/10/2020 00:00           0           0           0           0           0           0
17/10/2020 01:00           0           0           0           0           0           0
17/10/2020 02:00           0           0           0           0           0           0
17/10/2020 03:00           0           0           0           0           0           0
17/10/2020 04:00           0           0           0           0           0           0
17/10/2020 05:00           0           0           0           0           0           0
17/10/2020 06:00           0           0           0           0           0           0
17/10/2020 07:00           0           0           0           0           0           0
17/10/2020 08:00           0           0           0           0           0           0
17/10/2020 09:00          12          94         153         258         333         364
17/10/2020 10:00         405         479         531         623         757        1028
17/10/2020 11:00        1377        1299        1475        1713        1791        1949
17/10/2020 12:00        1691        1800        1545        1973        2589        1745
17/10/2020 13:00        1714        1763         548         731        1250        1244
17/10/2020 14:00         946        1018        1173        1635        2209        2466
17/10/2020 15:00        2196        2243        1835        1547        1361        1055
17/10/2020 16:00        1332        1698        1742        1647        1527        1382
17/10/2020 17:00        1247         857         988         685         382         222
17/10/2020 18:00         151          37           0           0           0           0
17/10/2020 19:00           0           0           0           0           0           0
17/10/2020 20:00           0           0           0           0           0           0
17/10/2020 21:00           0           0           0           0           0           0
17/10/2020 22:00           0           0           0           0           0           0
17/10/2020 23:00           0           0           0           0           0           0
18/10/2020 00:00           0           0           0           0           0           0
18/10/2020 01:00           0           0           0           0           0           0
18/10/2020 02:00           0           0           0           0           0           0
18/10/2020 03:00           0           0           0           0           0           0
18/10/2020 04:00           0           0           0           0           0           0
18/10/2020 05:00           0           0           0           0           0           0
18/10/2020 06:00           0           0           0           0           0           0
18/10/2020 07:00           0           0           0           0           0           0
18/10/2020 08:00           0           0           0           0           0          68
18/10/2020 09:00         351         436         448         407         485         835
18/10/2020 10:00        1539        2447        1802        2745        2966        2502
18/10/2020 11:00        2030        2769        2678        3503        1948        1336
18/10/2020 12:00        1120        4445        5699        5010        5409        5168
18/10/2020 13:00        5189        4999        4086        2518        2084        1435
18/10/2020 14:00        1113        1510        2963        1616        2537        4487
18/10/2020 15:00        4987        3542        2041        2245         977         921
18/10/2020 16:00        1405        3399        1965        2319        1731        1234
18/10/2020 17:00        1421        1482        1000         605         379         280
18/10/2020 18:00         219         202         171          37           0           0
18/10/2020 19:00           0           0           0           0           0           0
18/10/2020 20:00           0           0           0           0           0           0
18/10/2020 21:00           0           0           0           0           0           0
18/10/2020 22:00           0           0           0           0           0           0
18/10/2020 23:00           0           0           0           0           0           0
19/10/2020 00:00           0           0           0           0           0           0
19/10/2020 01:00           0           0           0           0           0           0
19/10/2020 02:00           0           0           0           0           0           0
19/10/2020 03:00           0           0           0           0           0           0
19/10/2020 04:00           0           0           0           0           0           0
19/10/2020 05:00           0           0           0           0           0           0
19/10/2020 06:00           0           0           0           0           0           0
19/10/2020 07:00           0           0           0           0           0           0
19/10/2020 08:00           0           0           0          50         182         297
19/10/2020 09:00         475         819        1048        1376        1732        2155
19/10/2020 10:00        2439        2256        2274        2443        2563        3469
19/10/2020 11:00        3197        3376        3885        3838        4129        3907
19/10/2020 12:00        3562        3688        3952        4937        4103        4716
19/10/2020 13:00        5450        4284        3286        2727        2743        3280
19/10/2020 14:00        2941        4402        4370        3253        3433        3552
19/10/2020 15:00        3273        3291        2146        2125        2626        1713
19/10/2020 16:00        2417        3367        1644        1494        1052        1504
19/10/2020 17:00        1621        1256         787         589         681         715
19/10/2020 18:00         405         213         103          25           0           0
19/10/2020 19:00           0           0           0           0           0           0
19/10/2020 20:00           0           0           0           0           0           0
19/10/2020 21:00           0           0           0           0           0           0
19/10/2020 22:00           0           0           0           0           0           0
19/10/2020 23:00           0           0           0           0           0           0
20/10/2020 00:00           0           0           0           0           0           0
20/10/2020 01:00           0           0           0           0           0           0
20/10/2020 02:00           0           0           0           0           0           0
20/10/2020 03:00           0           0           0           0           0           0
20/10/2020 04:00           0           0           0           0           0           0
20/10/2020 05:00           0           0           0           0           0           0
20/10/2020 06:00           0           0           0           0           0           0
20/10/2020 07:00           0           0           0           0           0           0
20/10/2020 08:00           0           0           0           0           0           0
20/10/2020 09:00           0           0           0          58         206         272
20/10/2020 10:00         314         371         453         345         400         406
20/10/2020 11:00         468         481         564         620         602         707
20/10/2020 12:00         796        1029         805         754         443         348
20/10/2020 13:00         345         369         438         682         795         740
20/10/2020 14:00         541         403         398         457         337         347
20/10/2020 15:00         561         318         309         216         336         380
20/10/2020 16:00         318         438         401         275         216         246
20/10/2020 17:00         227         213         160         130          32           0
20/10/2020 18:00           0           0           0           0           0           0
20/10/2020 19:00           0           0           0           0           0           0
20/10/2020 20:00           0           0           0           0           0           0
20/10/2020 21:00           0           0           0           0           0           0
20/10/2020 22:00           0           0           0           0           0           0
20/10/2020 23:00           0           0           0           0           0           0
21/10/2020 00:00           0           0           0           0           0           0
21/10/2020 01:00           0           0           0           0           0           0
21/10/2020 02:00           0           0           0           0           0           0
21/10/2020 03:00           0           0           0           0           0           0
21/10/2020 04:00           0           0           0           0           0           0
21/10/2020 05:00           0           0           0           0           0           0
21/10/2020 06:00           0           0           0           0           0           0
21/10/2020 07:00           0           0           0           0           0           0
21/10/2020 08:00           0           0           0           0           0           0
21/10/2020 09:00           0         156         228         349         268         404
21/10/2020 10:00        1074        1359        2831        2632        2269        2843
21/10/2020 11:00        3451        3426        1132         601         654        1122
21/10/2020 12:00        1275        1428        2259        4570        4879        5116
21/10/2020 13:00        5075        2526        1582        1939        2478        2918
21/10/2020 14:00        2410        2846        2891        2917        2217        2540
21/10/2020 15:00        1846        1220        1440        1979        2712        1633
21/10/2020 16:00        2152         705        1727        2297        1614         761
21/10/2020 17:00         635         781         583         588         473         168
21/10/2020 18:00           9           0           0           0           0           0
21/10/2020 19:00           0           0           0           0           0           0
21/10/2020 20:00           0           0           0           0           0           0
21/10/2020 21:00           0           0           0           0           0           0
21/10/2020 22:00           0           0           0           0           0           0
21/10/2020 23:00           0           0           0           0           0           0
22/10/2020 00:00           0           0           0           0           0           0
22/10/2020 01:00           0           0           0           0           0           0
22/10/2020 02:00           0           0           0           0           0           0
22/10/2020 03:00           0           0           0           0           0           0
22/10/2020 04:00           0           0           0           0           0           0
22/10/2020 05:00           0           0           0           0           0           0
22/10/2020 06:00           0           0           0           0           0           0
22/10/2020 07:00           0           0           0           0           0           0
22/10/2020 08:00           0           0           0           0           0           0
22/10/2020 09:00         255         780         775         381         839         548
22/10/2020 10:00        1361        1208         954         943        1057        1253
22/10/2020 11:00        1388        2369        2397        3829        3023        3269
22/10/2020 12:00        4197        4571        4985        3840        3328        4022
22/10/2020 13:00        3954        2697        4591        4081        3018        2444
22/10/2020 14:00        1832        3177        1640        1297        1172        1332
22/10/2020 15:00         731         839         956         849         780         839
22/10/2020 16:00         580         719         448         557         479         481
22/10/2020 17:00         544         533         622         465         244         144
22/10/2020 18:00          13           0           0           0           0           0
22/10/2020 19:00           0           0           0           0           0           0
22/10/2020 20:00           0           0           0           0           0           0
22/10/2020 21:00           0           0           0           0           0           0
22/10/2020 22:00           0           0           0           0           0           0
22/10/2020 23:00           0           0           0           0           0           0
23/10/2020 00:00           0           0           0           0           0           0
23/10/2020 01:00           0           0           0           0           0           0
23/10/2020 02:00           0           0           0           0           0           0
23/10/2020 03:00           0           0           0           0           0           0
23/10/2020 04:00           0           0           0           0           0           0
23/10/2020 05:00           0           0           0           0           0           0
23/10/2020 06:00           0           0           0           0           0           0
23/10/2020 07:00           0           0           0           0           0           0
23/10/2020 08:00           0           0           0           0           0           0
23/10/2020 09:00           0           4         204         383         243         358
23/10/2020 10:00         332         332         432         295         309         542
23/10/2020 11:00         339         471         468         435         320         711
23/10/2020 12:00        2243        1761         825        2112        1515        1602
23/10/2020 13:00        2332        1606         991        1374        1033        4204
23/10/2020 14:00        4780        3454        2904        4186        4691        2428
23/10/2020 15:00        1908        2339        1954         679        1485        1629
23/10/2020 16:00        3524        1375         800        1983        2012        2134
23/10/2020 17:00        1712        1124         436         397         564         330
23/10/2020 18:00         168          20           0           0           0           0
23/10/2020 19:00           0           0           0           0           0           0
23/10/2020 20:00           0           0           0           0           0           0
23/10/2020 21:00           0           0           0           0           0           0
23/10/2020 22:00           0           0           0           0           0           0
23/10/2020 23:00           0           0           0           0           0           0
24/10/2020 00:00           0           0           0           0           0           0
24/10/2020 01:00           0           0           0           0           0           0
24/10/2020 02:00           0           0           0           0           0           0
24/10/2020 03:00           0           0           0           0           0           0
24/10/2020 04:00           0           0           0           0           0           0
24/10/2020 05:00           0           0           0           0           0           0
24/10/2020 06:00           0           0           0           0           0           0
24/10/2020 07:00           0           0           0           0           0           0
24/10/2020 08:00           0           0           0           0           0           0
24/10/2020 09:00           3         207         257         149           0         119
24/10/2020 10:00         390         576         639         508         593         717
24/10/2020 11:00        1066         690         646         866         774         988
24/10/2020 12:00         738         884        2020        1705        1765        1172
24/10/2020 13:00         855         950        1033         785         857         964
24/10/2020 14:00         882         832         717        1531        1494         478
24/10/2020 15:00         825         617         417         342         560         515
24/10/2020 16:00         508         417         407         275         200         385
24/10/2020 17:00         293         175          71          37          34           0
24/10/2020 18:00           0           0           0           0           0           0
24/10/2020 19:00           0           0           0           0           0           0
24/10/2020 20:00           0           0           0           0           0           0
24/10/2020 21:00           0           0           0           0           0           0
24/10/2020 22:00           0           0           0           0           0           0
24/10/2020 23:00           0           0           0           0           0           0
25/10/2020 00:00           0           0           0           0           0           0
25/10/2020 01:00           0           0           0           0           0           0
25/10/2020 02:00           0           0           0           0           0           0
25/10/2020 02:00           0           0           0           0           0           0
25/10/2020 03:00           0           0           0           0           0           0
25/10/2020 04:00           0           0           0           0           0           0
25/10/2020 05:00           0           0           0           0           0           0
25/10/2020 06:00           0           0           0           0           0           0
25/10/2020 07:00           0           0           0           0           0           0
25/10/2020 08:00           0         137         165           4           0          34
25/10/2020 09:00          88          84         463         522         299         196
25/10/2020 10:00         374         582         618         765         790         332
25/10/2020 11:00         256         428         718        1035         767         530
25/10/2020 12:00        1067         813         535         427         370         440
25/10/2020 13:00         319         347         222         259         274         305
25/10/2020 14:00         315         341         247         175         462         258
25/10/2020 15:00         323         359         343         687         452         570
25/10/2020 16:00         385         296         321         335         144           7
25/10/2020 17:00           0           0           0           0           0           0
25/10/2020 18:00           0           0           0           0           0           0
25/10/2020 19:00           0           0           0           0           0           0
25/10/2020 20:00           0           0           0           0           0           0
25/10/2020 21:00           0           0           0           0           0           0
25/10/2020 22:00           0           0           0           0           0           0
25/10/2020 23:00           0           0           0           0           0           0
26/10/2020 00:00           0           0           0           0           0           0
26/10/2020 01:00           0           0           0           0           0           0
26/10/2020 02:00           0           0           0           0           0           0
26/10/2020 03:00           0           0           0           0           0           0
26/10/2020 04:00           0           0           0           0           0           0
26/10/2020 05:00           0           0           0           0           0           0
26/10/2020 06:00           0           0           0           0           0           0
26/10/2020 07:00           0           0           0           0           0         128
26/10/2020 08:00         366         568         822        1110        1403        1704
26/10/2020 09:00        2019        2320        2636        2920        3190        3425
26/10/2020 10:00        3622        3832        4024        4208        4365        4473
26/10/2020 11:00        4566        4629        3367        3893        5245        4601
26/10/2020 12:00        4565        4402        4926        3081        2545        4427
26/10/2020 13:00        2002        2544        1809        3684        2380        1647
26/10/2020 14:00        3416        1644         528        1528         958         713
26/10/2020 15:00         670         890        1210         826        1962        1041
26/10/2020 16:00         676        1008         563         428         587         230
26/10/2020 17:00          71           0           0           0           0           0
26/10/2020 18:00           0           0           0           0           0           0
26/10/2020 19:00           0           0           0           0           0           0
26/10/2020 20:00           0           0           0           0           0           0
26/10/2020 21:00           0           0           0           0           0           0
26/10/2020 22:00           0           0           0           0           0           0
26/10/2020 23:00           0           0           0           0           0           0
27/10/2020 00:00           0           0           0           0           0           0
27/10/2020 01:00           0           0           0           0           0           0
27/10/2020 02:00           0           0           0           0           0           0
27/10/2020 03:00           0           0           0           0           0           0
27/10/2020 04:00           0           0           0           0           0           0
27/10/2020 05:00           0           0           0           0           0           0
27/10/2020 06:00           0           0           0           0           0           0
27/10/2020 07:00           0           0           0           0          27          36
27/10/2020 08:00         190         241         264         348         339         389
27/10/2020 09:00         487         483         430         762         695         855
27/10/2020 10:00         975        1156        1277        1125         961        1278
27/10/2020 11:00        1998        2523        1168         979         867         865
27/10/2020 12:00        1174        1280        1720        1807        1939        1792
27/10/2020 13:00         940        1311        1360        1386        1056         919
27/10/2020 14:00         981         750         720         725         630         526
27/10/2020 15:00         432         476         278         208         317         346
27/10/2020 16:00         231         147          58           0           0           0
27/10/2020 17:00           0           0           0           0           0           0
27/10/2020 18:00           0           0           0           0           0           0
27/10/2020 19:00           0           0           0           0           0           0
27/10/2020 20:00           0           0           0           0           0           0
27/10/2020 21:00           0           0           0           0           0           0
27/10/2020 22:00           0           0           0           0           0           0
27/10/2020 23:00           0           0           0           0           0           0
28/10/2020 00:00           0           0           0           0           0           0
28/10/2020 01:00           0           0           0           0           0           0
28/10/2020 02:00           0           0           0           0           0           0
28/10/2020 03:00           0           0           0           0           0           0
28/10/2020 04:00           0           0           0           0           0           0
28/10/2020 05:00           0           0           0           0           0           0
28/10/2020 06:00           0           0           0           0           0           0
28/10/2020 07:00           0           0           0           0           0           0
28/10/2020 08:00         106         478         698         992        1336        1763
28/10/2020 09:00        1451        2241        2140        1726        1865        1664
28/10/2020 10:00        2560        3359        2510        1856        2817        1683
28/10/2020 11:00        2163        2221        1907        1991        1860        1348
28/10/2020 12:00        1049         997         861         829         961         887
28/10/2020 13:00         997         831         758         863         952         869
28/10/2020 14:00        1115        1318        1207         834         738         585
28/10/2020 15:00         534         722         641         427         535         452
28/10/2020 16:00         512         355         182         180          67          24
28/10/2020 17:00           0           0           0           0           0           0
28/10/2020 18:00           0           0           0           0           0           0
28/10/2020 19:00           0           0           0           0           0           0
28/10/2020 20:00           0           0           0           0           0           0
28/10/2020 21:00           0           0           0           0           0           0
28/10/2020 22:00           0           0           0           0           0           0
28/10/2020 23:00           0           0           0           0           0           0
29/10/2020 00:00           0           0           0           0           0           0
29/10/2020 01:00           0           0           0           0           0           0
29/10/2020 02:00           0           0           0           0           0           0
29/10/2020 03:00           0           0           0           0           0           0
29/10/2020 04:00           0           0           0           0           0           0
29/10/2020 05:00           0           0           0           0           0           0
29/10/2020 06:00           0           0           0           0           0           0
29/10/2020 07:00           0           0           0           0           0           0
29/10/2020 08:00           1         113         221         304         334         432
29/10/2020 09:00         523         513         480         523         594         605
29/10/2020 10:00         568         737         840         853         847         958
29/10/2020 11:00         993        1395        1491        1478        1576        1935
29/10/2020 12:00        1352        1340        1680        1376        1280        1394
29/10/2020 13:00        1558        1431        1190         682         419         460
29/10/2020 14:00         341         273         478         512         593         707
29/10/2020 15:00         685         578         753         615         535         328
29/10/2020 16:00         240         336         175         171         173          98
29/10/2020 17:00          23           0           0           0           0           0
29/10/2020 18:00           0           0           0           0           0           0
29/10/2020 19:00           0           0           0           0           0           0
29/10/2020 20:00           0           0           0           0           0           0
29/10/2020 21:00           0           0           0           0           0           0
29/10/2020 22:00           0           0           0           0           0           0
29/10/2020 23:00           0           0           0           0           0           0
30/10/2020 00:00           0           0           0           0           0           0
30/10/2020 01:00           0           0           0           0           0           0
30/10/2020 02:00           0           0           0           0           0           0
30/10/2020 03:00           0           0           0           0           0           0
30/10/2020 04:00           0           0           0           0           0           0
30/10/2020 05:00           0           0           0           0           0           0
30/10/2020 06:00           0           0           0           0           0           0
30/10/2020 07:00           0           0           0           0           0           0
30/10/2020 08:00           9          40          97         188         289         283
30/10/2020 09:00         359         439         600         694         795         802
30/10/2020 10:00         732         748         781         855        1160        1027
30/10/2020 11:00        1152        1265        1471        1173        1091         828
30/10/2020 12:00         689         927        1394        1176        1015        1162
30/10/2020 13:00        1219        1007         684         776         901        1297
30/10/2020 14:00        1498        1482        1323        1214        1154         995
30/10/2020 15:00         788         736         488         364         330         430
30/10/2020 16:00         462         399         251          41           0           0
30/10/2020 17:00           0           0           0           0           0           0
30/10/2020 18:00           0           0           0           0           0           0
30/10/2020 19:00           0           0           0           0           0           0
30/10/2020 20:00           0           0           0           0           0           0
30/10/2020 21:00           0           0           0           0           0           0
30/10/2020 22:00           0           0           0           0           0           0
30/10/2020 23:00           0           0           0           0           0           0
31/10/2020 00:00           0           0           0           0           0           0
31/10/2020 01:00           0           0           0           0           0           0
31/10/2020 02:00           0           0           0           0           0           0
31/10/2020 03:00           0           0           0           0           0           0
31/10/2020 04:00           0           0           0           0           0           0
31/10/2020 05:00           0           0           0           0           0           0
31/10/2020 06:00           0           0           0           0           0           0
31/10/2020 07:00           0           0           0           0           0          62
31/10/2020 08:00         252         421         603         813        1049        1337
31/10/2020 09:00        1617        1874        2169        2480        2792        3039
31/10/2020 10:00        3248        3457        3620        3822        4048        4117
31/10/2020 11:00        4531        4435        4081        4583        4698        4673
31/10/2020 12:00        4686        4780        4703        4270        4744        4694
31/10/2020 13:00        3936        3557        3286        3593        4210        3992
31/10/2020 14:00        4029        3540        2223        1519        1370        1081
31/10/2020 15:00         924         703         469         342         368         597
31/10/2020 16:00         435         257          30           0           0           0
31/10/2020 17:00           0           0           0           0           0           0
31/10/2020 18:00           0           0           0           0           0           0
31/10/2020 19:00           0           0           0           0           0           0
31/10/2020 20:00           0           0           0           0           0           0
31/10/2020 21:00           0           0           0           0           0           0
31/10/2020 22:00           0           0           0           0           0           0
31/10/2020 23:00           0           0           0           0           0           0
01/11/2020 00:00           0           0           0           0           0           0
01/11/2020 01:00           0           0           0           0           0           0
